"file= Kcnt1Y777H_20170722_500669_DIV25"
" "
"recording time (s): [319.25014057 ,1221]"
" "
"Network Spike analysis at well level"
"well","n","peak.m","peak.sd","durn.m","durn.sd","percent.of.spikes.in.ns","mean.spikes.in.ns","mean.insis","peak.min","peak.max","treatment","t1","t2","t3","t4","t5","t6","t7","t8","t9","t10","t11","t12","t13","t14","t15","t16","t17","t18","t19","t20","t21","t22","t23","t24","t25","t26","t27","t28","t29","t30","t31","t32","t33","t34","t35","t36","t37","t38","t39","t40","t41","t42","t43","t44","t45","t46","t47","t48","t49","t50","t51","t52","t53","t54","t55","t56","t57","t58","t59","t60","t61","t62","t63","t64","t65","t66","t67","t68","t69","t70","t71","t72","t73","t74","t75","t76","t77","t78","t79","t80","t81","t82","t83","t84","t85","t86","t87","t88","t89","t90","t91","t92","t93","t94","t95","t96","t97","t98","t99","t100","t101","t102","t103","t104","t105","t106","t107","t108","t109","t110","t111","t112","t113","t114","t115","t116","t117","t118","t119","t120","t121","t122","t123","t124","t125","t126","t127","t128","t129","t130","t131","t132","t133","t134","t135","t136","t137","t138","t139","t140","t141","t142","t143","t144","t145","t146","t147","t148","t149","t150","t151","t152","t153","t154","t155","t156","t157","t158","t159","t160","t161","t162","t163","t164","t165","t166","t167","t168","t169","t170","t171","t172","t173","t174","t175","t176","t177","t178","t179","t180","t181","t182","t183","t184","t185","t186","t187","t188","t189","t190","t191","t192","t193","t194","t195","t196","t197","t198","t199","t200","t201"
"A1","124","13.5161290322581","4.78052259443445","0.0773749093648287","0.0420434098640345","8.99004499094074","35.6129032258064","7.14577235772358","4","16","WT","0.112903225806452","0.0887096774193548","0.0967741935483871","0.0887096774193548","0.0967741935483871","0.0645161290322581","0.0806451612903226","0.0645161290322581","0.137096774193548","0.0887096774193548","0.0725806451612903","0.0564516129032258","0.0564516129032258","0.0725806451612903","0.0483870967741935","0.032258064516129","0.0725806451612903","0.0483870967741935","0.0645161290322581","0.0564516129032258","0.032258064516129","0.0483870967741935","0.0241935483870968","0.0725806451612903","0.153225806451613","0.145161290322581","0.145161290322581","0.137096774193548","0.17741935483871","0.201612903225806","0.225806451612903","0.185483870967742","0.217741935483871","0.201612903225806","0.193548387096774","0.185483870967742","0.217741935483871","0.185483870967742","0.330645161290323","0.354838709677419","0.338709677419355","0.354838709677419","0.298387096774194","0.241935483870968","0.258064516129032","0.225806451612903","0.145161290322581","0.25","0.193548387096774","0.201612903225806","0.201612903225806","0.209677419354839","0.129032258064516","0.17741935483871","0.112903225806452","0.153225806451613","0.153225806451613","0.298387096774194","0.443548387096774","0.709677419354839","0.935483870967742","1.09677419354839","1.32258064516129","1.42741935483871","1.69354838709677","1.81451612903226","1.90322580645161","1.83064516129032","1.85483870967742","1.84677419354839","2","2.12096774193548","2.04838709677419","2.01612903225806","2.0241935483871","2.17741935483871","2.15322580645161","1.94354838709677","1.83870967741935","1.70967741935484","1.58064516129032","1.54838709677419","1.69354838709677","1.41935483870968","1.42741935483871","1.11290322580645","1.10483870967742","1.21774193548387","0.903225806451613","0.903225806451613","0.862903225806452","0.879032258064516","0.766129032258065","0.758064516129032","0.645161290322581","0.637096774193548","0.935483870967742","1.58870967741935","5.2258064516129","10.0483870967742","13.5161290322581","12.6693548387097","12.4516129032258","11.991935483871","11.3306451612903","9.80645161290323","7.91129032258065","6.54838709677419","5.79838709677419","5.0241935483871","4.99193548387097","5.29838709677419","5.38709677419355","5.48387096774194","5.91935483870968","5.4758064516129","5.33064516129032","4.88709677419355","4.63709677419355","4.40322580645161","3.99193548387097","3.34677419354839","3.12096774193548","3","2.43548387096774","2.28225806451613","2.15322580645161","1.76612903225806","1.63709677419355","1.29032258064516","1.2741935483871","1.05645161290323","1.03225806451613","0.741935483870968","0.854838709677419","0.629032258064516","0.556451612903226","0.57258064516129","0.637096774193548","0.483870967741935","0.604838709677419","0.403225806451613","0.435483870967742","0.32258064516129","0.274193548387097","0.25","0.185483870967742","0.217741935483871","0.145161290322581","0.129032258064516","0.0887096774193548","0.0564516129032258","0.0645161290322581","0.0887096774193548","0.0564516129032258","0.0725806451612903","0.0241935483870968","0.0403225806451613","0.00806451612903226","0.104838709677419","0.129032258064516","0.137096774193548","0.153225806451613","0.120967741935484","0.129032258064516","0.0967741935483871","0.104838709677419","0.0725806451612903","0.0967741935483871","0.17741935483871","0.17741935483871","0.185483870967742","0.185483870967742","0.193548387096774","0.274193548387097","0.298387096774194","0.274193548387097","0.25","0.225806451612903","0.153225806451613","0.104838709677419","0.129032258064516","0.129032258064516","0.145161290322581","0.169354838709677","0.193548387096774","0.161290322580645","0.129032258064516","0.137096774193548","0.153225806451613","0.112903225806452","0.0967741935483871","0.0806451612903226","0.112903225806452","0.0887096774193548","0.104838709677419","0.0725806451612903","0.0483870967741935","0.0564516129032258","0.0241935483870968","0.0645161290322581"
"A2","426","10.6009389671362","4.09767785729291","0.0442310383278693","0.0399933688926323","14.1864915696044","20.1854460093897","2.11470588235294","4","16","HOM","0.211267605633803","0.223004694835681","0.21830985915493","0.169014084507042","0.211267605633803","0.169014084507042","0.173708920187793","0.244131455399061","0.211267605633803","0.194835680751174","0.18075117370892","0.150234741784038","0.169014084507042","0.164319248826291","0.192488262910798","0.136150234741784","0.244131455399061","0.225352112676056","0.2018779342723","0.23943661971831","0.173708920187793","0.194835680751174","0.194835680751174","0.140845070422535","0.150234741784038","0.18075117370892","0.18075117370892","0.143192488262911","0.204225352112676","0.215962441314554","0.213615023474178","0.166666666666667","0.171361502347418","0.161971830985915","0.117370892018779","0.126760563380282","0.145539906103286","0.176056338028169","0.112676056338028","0.18075117370892","0.164319248826291","0.213615023474178","0.190140845070423","0.154929577464789","0.178403755868545","0.185446009389671","0.258215962441315","0.213615023474178","0.211267605633803","0.21830985915493","0.262910798122066","0.284037558685446","0.288732394366197","0.307511737089202","0.314553990610329","0.307511737089202","0.330985915492958","0.373239436619718","0.42018779342723","0.417840375586854","0.356807511737089","0.403755868544601","0.415492957746479","0.455399061032864","0.474178403755869","0.5","0.514084507042254","0.5","0.476525821596244","0.483568075117371","0.509389671361502","0.464788732394366","0.460093896713615","0.39906103286385","0.403755868544601","0.394366197183099","0.403755868544601","0.387323943661972","0.368544600938967","0.352112676056338","0.31924882629108","0.401408450704225","0.384976525821596","0.338028169014085","0.326291079812207","0.359154929577465","0.321596244131455","0.314553990610329","0.305164319248826","0.305164319248826","0.300469483568075","0.293427230046948","0.293427230046948","0.326291079812207","0.349765258215962","0.396713615023474","0.915492957746479","2.06103286384977","4.22065727699531","6.50469483568075","10.6009389671362","7.59154929577465","6.17840375586854","4.24413145539906","2.77934272300469","2.19483568075117","1.69718309859155","1.44131455399061","1.18779342723005","1.06807511737089","0.976525821596244","0.854460093896714","0.889671361502347","0.812206572769953","0.887323943661972","0.875586854460094","0.791079812206573","0.821596244131455","0.708920187793427","0.78169014084507","0.685446009389671","0.690140845070423","0.650234741784038","0.626760563380282","0.652582159624413","0.575117370892019","0.539906103286385","0.488262910798122","0.422535211267606","0.401408450704225","0.366197183098592","0.354460093896714","0.394366197183099","0.366197183098592","0.368544600938967","0.417840375586854","0.436619718309859","0.384976525821596","0.401408450704225","0.382629107981221","0.34037558685446","0.255868544600939","0.314553990610329","0.316901408450704","0.333333333333333","0.300469483568075","0.295774647887324","0.28169014084507","0.248826291079812","0.241784037558685","0.183098591549296","0.206572769953052","0.23943661971831","0.169014084507042","0.131455399061033","0.176056338028169","0.131455399061033","0.150234741784038","0.154929577464789","0.143192488262911","0.215962441314554","0.204225352112676","0.2018779342723","0.173708920187793","0.197183098591549","0.2018779342723","0.211267605633803","0.276995305164319","0.305164319248826","0.274647887323944","0.253521126760563","0.269953051643192","0.276995305164319","0.237089201877934","0.232394366197183","0.248826291079812","0.241784037558685","0.232394366197183","0.258215962441315","0.183098591549296","0.187793427230047","0.208920187793427","0.223004694835681","0.230046948356808","0.246478873239437","0.258215962441315","0.291079812206573","0.31924882629108","0.244131455399061","0.291079812206573","0.305164319248826","0.300469483568075","0.333333333333333","0.279342723004695","0.312206572769953","0.312206572769953","0.326291079812207","0.312206572769953","0.323943661971831","0.345070422535211","0.314553990610329"
"A3","368","12.3994565217391","5.06208858557816","0.0829154136548838","0.0610672327065995","9.17296034138246","29.4402173913043","2.42294277929155","4","16","WT","0.108695652173913","0.0978260869565217","0.116847826086957","0.078804347826087","0.078804347826087","0.0706521739130435","0.0570652173913043","0.046195652173913","0.0597826086956522","0.0597826086956522","0.0760869565217391","0.0597826086956522","0.0625","0.0652173913043478","0.0543478260869565","0.0570652173913043","0.0625","0.0679347826086956","0.078804347826087","0.0516304347826087","0.0489130434782609","0.0489130434782609","0.0244565217391304","0.0217391304347826","0.0570652173913043","0.0190217391304348","0.0326086956521739","0.0543478260869565","0.046195652173913","0.0407608695652174","0.0543478260869565","0.0516304347826087","0.0407608695652174","0.0353260869565217","0.0380434782608696","0.0516304347826087","0.0271739130434783","0.0190217391304348","0.0217391304347826","0.0244565217391304","0.0108695652173913","0.0625","0.0679347826086956","0.0489130434782609","0.0516304347826087","0.0271739130434783","0.0326086956521739","0.0244565217391304","0.0516304347826087","0.0625","0.0434782608695652","0.0434782608695652","0.046195652173913","0.0353260869565217","0.0326086956521739","0.0489130434782609","0.0489130434782609","0.0543478260869565","0.133152173913043","0.133152173913043","0.182065217391304","0.241847826086957","0.369565217391304","0.429347826086957","0.519021739130435","0.546195652173913","0.581521739130435","0.720108695652174","0.796195652173913","0.896739130434783","0.980978260869565","1.08152173913043","1.10326086956522","1.32608695652174","1.41847826086957","1.47282608695652","1.46739130434783","1.39945652173913","1.44021739130435","1.44021739130435","1.38858695652174","1.39130434782609","1.3125","1.29619565217391","1.26630434782609","1.21195652173913","1.16032608695652","1.10597826086957","1.1304347826087","1.04619565217391","1.04619565217391","1.07880434782609","1.11684782608696","1.125","1.34782608695652","1.84510869565217","2.64130434782609","3.92934782608696","6.29347826086957","9.01630434782609","12.3994565217391","10.8804347826087","10.7092391304348","9.80434782608696","8.83423913043478","7.64402173913043","6.73913043478261","5.97826086956522","5.41304347826087","4.74184782608696","4.2445652173913","3.72282608695652","3.45923913043478","3.27445652173913","3.05978260869565","2.92391304347826","2.82880434782609","2.47282608695652","2.24728260869565","2.04347826086957","1.82880434782609","1.71467391304348","1.52989130434783","1.5054347826087","1.2554347826087","1.2445652173913","1.3125","1.01086956521739","0.948369565217391","0.858695652173913","0.907608695652174","0.72554347826087","0.72554347826087","0.644021739130435","0.614130434782609","0.535326086956522","0.548913043478261","0.535326086956522","0.529891304347826","0.456521739130435","0.532608695652174","0.497282608695652","0.453804347826087","0.426630434782609","0.402173913043478","0.421195652173913","0.353260869565217","0.347826086956522","0.3125","0.323369565217391","0.296195652173913","0.296195652173913","0.277173913043478","0.271739130434783","0.258152173913043","0.195652173913043","0.220108695652174","0.171195652173913","0.157608695652174","0.168478260869565","0.179347826086957","0.135869565217391","0.160326086956522","0.157608695652174","0.14945652173913","0.125","0.133152173913043","0.114130434782609","0.111413043478261","0.0896739130434783","0.0597826086956522","0.0869565217391304","0.103260869565217","0.0896739130434783","0.108695652173913","0.116847826086957","0.0652173913043478","0.0978260869565217","0.135869565217391","0.144021739130435","0.173913043478261","0.198369565217391","0.258152173913043","0.233695652173913","0.239130434782609","0.258152173913043","0.339673913043478","0.33695652173913","0.347826086956522","0.366847826086957","0.334239130434783","0.345108695652174","0.358695652173913","0.331521739130435","0.364130434782609","0.434782608695652","0.418478260869565","0.423913043478261","0.459239130434783","0.445652173913043","0.407608695652174"
"A4","152","13.5197368421053","4.54844474509293","0.116994789384592","0.074824098077025","8.51714285714286","39.2236842105263","5.91635761589404","4","16","HOM","0.144736842105263","0.151315789473684","0.138157894736842","0.118421052631579","0.144736842105263","0.105263157894737","0.118421052631579","0.144736842105263","0.131578947368421","0.151315789473684","0.0986842105263158","0.0723684210526316","0.118421052631579","0.111842105263158","0.105263157894737","0.0723684210526316","0.0986842105263158","0.131578947368421","0.131578947368421","0.144736842105263","0.138157894736842","0.151315789473684","0.111842105263158","0.0789473684210526","0.0789473684210526","0.105263157894737","0.0592105263157895","0.118421052631579","0.111842105263158","0.111842105263158","0.125","0.144736842105263","0.125","0.111842105263158","0.0921052631578947","0.105263157894737","0.105263157894737","0.171052631578947","0.111842105263158","0.111842105263158","0.118421052631579","0.0921052631578947","0.105263157894737","0.0921052631578947","0.125","0.125","0.184210526315789","0.0921052631578947","0.164473684210526","0.296052631578947","0.25","0.296052631578947","0.335526315789474","0.335526315789474","0.401315789473684","0.526315789473684","0.578947368421053","0.671052631578947","0.723684210526316","0.717105263157895","0.861842105263158","0.782894736842105","0.690789473684211","0.723684210526316","0.717105263157895","0.717105263157895","0.763157894736842","0.657894736842105","0.782894736842105","0.697368421052632","0.736842105263158","0.881578947368421","0.822368421052632","0.789473684210526","0.736842105263158","0.782894736842105","0.868421052631579","0.815789473684211","0.756578947368421","0.717105263157895","0.763157894736842","0.684210526315789","0.644736842105263","0.671052631578947","0.717105263157895","0.657894736842105","0.710526315789474","0.809210526315789","0.802631578947368","0.802631578947368","0.684210526315789","0.769736842105263","0.822368421052632","0.848684210526316","0.973684210526316","1.50657894736842","2.51973684210526","3.78947368421053","7.22368421052632","10.7960526315789","13.5197368421053","12.3815789473684","12.3092105263158","11.9539473684211","11.2697368421053","10.3815789473684","9.30263157894737","8.38157894736842","7.27631578947368","6.51973684210526","5.73026315789474","5.5","4.96052631578947","4.46052631578947","4.15789473684211","3.68421052631579","3.41447368421053","3.13815789473684","2.83552631578947","2.57236842105263","2.54605263157895","2.09210526315789","1.92105263157895","1.76315789473684","1.71710526315789","1.44078947368421","1.35526315789474","1.30263157894737","1.23684210526316","1.16447368421053","1.03289473684211","0.980263157894737","0.980263157894737","0.796052631578947","0.776315789473684","0.664473684210526","0.756578947368421","0.710526315789474","0.815789473684211","0.651315789473684","0.625","0.585526315789474","0.585526315789474","0.467105263157895","0.5","0.335526315789474","0.381578947368421","0.309210526315789","0.276315789473684","0.210526315789474","0.203947368421053","0.328947368421053","0.164473684210526","0.190789473684211","0.151315789473684","0.151315789473684","0.171052631578947","0.105263157894737","0.138157894736842","0.118421052631579","0.118421052631579","0.125","0.111842105263158","0.118421052631579","0.0789473684210526","0.0855263157894737","0.0789473684210526","0.118421052631579","0.157894736842105","0.0986842105263158","0.0855263157894737","0.0723684210526316","0.0789473684210526","0.0526315789473684","0.0526315789473684","0.0789473684210526","0.0723684210526316","0.0986842105263158","0.0723684210526316","0.0921052631578947","0.105263157894737","0.118421052631579","0.0789473684210526","0.0855263157894737","0.0657894736842105","0.0657894736842105","0.0986842105263158","0.105263157894737","0.0789473684210526","0.0986842105263158","0.203947368421053","0.164473684210526","0.184210526315789","0.171052631578947","0.223684210526316","0.230263157894737","0.223684210526316","0.184210526315789","0.171052631578947","0.125","0.105263157894737"
"A5","107","15.2523364485981","2.84536517517068","0.0925630828154193","0.0230561009691838","11.0307643514114","48.7570093457944","8.41066037735849","4","16","WT","0.0373831775700935","0.0280373831775701","0.0560747663551402","0.0186915887850467","0.0654205607476635","0.0373831775700935","0.0934579439252336","0.0280373831775701","0.0280373831775701","0.0186915887850467","0.0186915887850467","0.0186915887850467","0.0280373831775701","0.00934579439252336","0.00934579439252336","0.00934579439252336","0.0467289719626168","0","0.0841121495327103","0.0467289719626168","0.0280373831775701","0.0747663551401869","0.0560747663551402","0.0186915887850467","0.0373831775700935","0.00934579439252336","0.0467289719626168","0.0560747663551402","0.0467289719626168","0.0560747663551402","0.0280373831775701","0","0.0186915887850467","0.00934579439252336","0.0280373831775701","0.00934579439252336","0.0280373831775701","0.0560747663551402","0.0373831775700935","0.0186915887850467","0.0280373831775701","0","0.0373831775700935","0.0186915887850467","0.0373831775700935","0.0373831775700935","0.00934579439252336","0.0560747663551402","0.0560747663551402","0.0280373831775701","0.0467289719626168","0.0186915887850467","0.0373831775700935","0.0186915887850467","0.0560747663551402","0.0654205607476635","0.0280373831775701","0.0373831775700935","0.0654205607476635","0.0747663551401869","0.0654205607476635","0.0280373831775701","0.0654205607476635","0.0186915887850467","0.0841121495327103","0.11214953271028","0.0280373831775701","0.102803738317757","0.0467289719626168","0.0280373831775701","0.0186915887850467","0.0467289719626168","0.0841121495327103","0.224299065420561","0.355140186915888","0.355140186915888","0.429906542056075","0.504672897196262","0.560747663551402","0.626168224299065","0.551401869158878","0.560747663551402","0.514018691588785","0.523364485981308","0.495327102803738","0.336448598130841","0.317757009345794","0.383177570093458","0.401869158878505","0.364485981308411","0.383177570093458","0.439252336448598","0.392523364485981","0.523364485981308","0.551401869158878","0.738317757009346","0.97196261682243","1.53271028037383","4.31775700934579","11.2710280373832","15.2523364485981","15.0467289719626","15.0560747663551","15.0560747663551","14.5794392523364","13.1495327102804","11.4859813084112","9.28971962616822","7.81308411214953","6.8785046728972","6.50467289719626","6.28971962616822","6","5.5981308411215","5.29906542056075","5.08411214953271","4.47663551401869","3.99065420560748","3.98130841121495","3.65420560747664","3.42990654205607","3.21495327102804","2.70093457943925","2.4392523364486","2.21495327102804","1.99065420560748","1.73831775700935","1.52336448598131","1.22429906542056","1.20560747663551","1.01869158878505","0.925233644859813","0.785046728971963","0.738317757009346","0.607476635514019","0.607476635514019","0.467289719626168","0.429906542056075","0.392523364485981","0.336448598130841","0.261682242990654","0.196261682242991","0.177570093457944","0.11214953271028","0.158878504672897","0.0841121495327103","0.0560747663551402","0.0467289719626168","0.0280373831775701","0.0467289719626168","0","0.0186915887850467","0","0","0","0","0","0","0","0","0","0","0","0","0.00934579439252336","0","0","0","0","0","0","0","0","0","0","0.00934579439252336","0.0280373831775701","0","0","0.00934579439252336","0","0","0","0","0","0","0.00934579439252336","0.00934579439252336","0.00934579439252336","0","0.0280373831775701","0.00934579439252336","0.0186915887850467","0.130841121495327","0.149532710280374","0.149532710280374","0.149532710280374","0.149532710280374","0.14018691588785","0.130841121495327","0.121495327102804"
"A6","409","11.3031784841076","4.87902821708026","0.0725875295921139","0.0483566364632123","9.39827412603706","27.6136919315403","2.20012254901961","4","16","HOM_G","0.535452322738386","0.488997555012225","0.464547677261614","0.506112469437653","0.408312958435208","0.364303178484108","0.327628361858191","0.415647921760391","0.332518337408313","0.342298288508557","0.317848410757946","0.396088019559902","0.386308068459658","0.374083129584352","0.315403422982885","0.312958435207824","0.327628361858191","0.320293398533007","0.312958435207824","0.337408312958435","0.308068459657702","0.317848410757946","0.344743276283619","0.308068459657702","0.32518337408313","0.290953545232274","0.320293398533007","0.344743276283619","0.322738386308068","0.305623471882641","0.342298288508557","0.300733496332518","0.295843520782396","0.317848410757946","0.317848410757946","0.359413202933985","0.305623471882641","0.305623471882641","0.349633251833741","0.290953545232274","0.322738386308068","0.330073349633252","0.317848410757946","0.344743276283619","0.295843520782396","0.337408312958435","0.354523227383863","0.334963325183374","0.361858190709046","0.259168704156479","0.320293398533007","0.349633251833741","0.332518337408313","0.39119804400978","0.332518337408313","0.344743276283619","0.376528117359413","0.36919315403423","0.337408312958435","0.354523227383863","0.334963325183374","0.393643031784841","0.349633251833741","0.337408312958435","0.403422982885086","0.34718826405868","0.378973105134474","0.361858190709046","0.378973105134474","0.425427872860636","0.430317848410758","0.420537897310513","0.442542787286064","0.513447432762836","0.486552567237164","0.518337408312958","0.533007334963325","0.488997555012225","0.569682151589242","0.640586797066015","0.65281173594132","0.701711491442543","0.657701711491443","0.684596577017115","0.71638141809291","0.713936430317848","0.753056234718826","0.718826405867971","0.833740831295844","0.843520782396088","0.938875305623472","1.12469437652812","1.35696821515892","1.76772616136919","2.32029339853301","3.12713936430318","4.37163814180929","5.76772616136919","7.43031784841076","8.81418092909535","11.3031784841076","9.50855745721271","8.61124694376528","7.14425427872861","5.99266503667482","5.31540342298289","4.88508557457213","4.48655256723716","4.20537897310513","3.96332518337408","3.72860635696822","3.59902200488998","3.29339853300733","3.00244498777506","2.69682151589242","2.35452322738386","1.98288508557457","1.72371638141809","1.50611246943765","1.26161369193154","1.04889975550122","0.858190709046455","0.689486552567237","0.638141809290954","0.488997555012225","0.471882640586797","0.371638141809291","0.34718826405868","0.354523227383863","0.312958435207824","0.254278728606357","0.293398533007335","0.298288508557457","0.246943765281174","0.251833740831296","0.212713936430318","0.249388753056235","0.227383863080685","0.21760391198044","0.232273838630807","0.215158924205379","0.224938875305623","0.183374083129584","0.222493887530562","0.215158924205379","0.21760391198044","0.222493887530562","0.149144254278729","0.249388753056235","0.246943765281174","0.26161369193154","0.222493887530562","0.271393643031785","0.28361858190709","0.330073349633252","0.354523227383863","0.344743276283619","0.359413202933985","0.334963325183374","0.356968215158924","0.364303178484108","0.371638141809291","0.312958435207824","0.286063569682152","0.305623471882641","0.374083129584352","0.327628361858191","0.374083129584352","0.315403422982885","0.273838630806846","0.28361858190709","0.317848410757946","0.312958435207824","0.320293398533007","0.271393643031785","0.315403422982885","0.305623471882641","0.334963325183374","0.308068459657702","0.344743276283619","0.344743276283619","0.308068459657702","0.271393643031785","0.310513447432763","0.332518337408313","0.344743276283619","0.34718826405868","0.334963325183374","0.344743276283619","0.36919315403423","0.381418092909535","0.34718826405868","0.405867970660147","0.422982885085575","0.403422982885086","0.474327628361858","0.476772616136919","0.498777506112469","0.506112469437653","0.550122249388753","0.584352078239609"
"A7","110","14.3818181818182","4.09515672355675","0.160000299195754","0.0607664069806696","7.89417568201527","50.4818181818182","8.17293577981651","4","16","WT_G","0.136363636363636","0.109090909090909","0.109090909090909","0.2","0.0636363636363636","0.163636363636364","0.127272727272727","0.109090909090909","0.0818181818181818","0.118181818181818","0.2","0.0818181818181818","0.136363636363636","0.118181818181818","0.118181818181818","0.0909090909090909","0.0818181818181818","0.172727272727273","0.0636363636363636","0.154545454545455","0.118181818181818","0.0818181818181818","0.109090909090909","0.118181818181818","0.0272727272727273","0.0818181818181818","0.0727272727272727","0.154545454545455","0.127272727272727","0.0727272727272727","0.109090909090909","0.145454545454545","0.172727272727273","0.136363636363636","0.0636363636363636","0.145454545454545","0.0909090909090909","0.127272727272727","0.118181818181818","0.172727272727273","0.127272727272727","0.0818181818181818","0.181818181818182","0.1","0.109090909090909","0.136363636363636","0.145454545454545","0.127272727272727","0.190909090909091","0.118181818181818","0.172727272727273","0.109090909090909","0.163636363636364","0.0909090909090909","0.172727272727273","0.163636363636364","0.136363636363636","0.109090909090909","0.181818181818182","0.236363636363636","0.263636363636364","0.336363636363636","0.336363636363636","0.336363636363636","0.527272727272727","0.5","0.609090909090909","0.572727272727273","0.554545454545455","0.554545454545455","0.554545454545455","0.563636363636364","0.545454545454545","0.563636363636364","0.554545454545455","0.509090909090909","0.509090909090909","0.490909090909091","0.536363636363636","0.554545454545455","0.463636363636364","0.627272727272727","0.472727272727273","0.454545454545455","0.436363636363636","0.436363636363636","0.436363636363636","0.381818181818182","0.381818181818182","0.563636363636364","0.6","0.5","0.518181818181818","0.636363636363636","0.636363636363636","0.627272727272727","0.936363636363636","1.51818181818182","3.84545454545455","9.77272727272727","14.3818181818182","13.7727272727273","12.3363636363636","10.6181818181818","10.5909090909091","11.3272727272727","11.9818181818182","12.1272727272727","12.2909090909091","12.2272727272727","12.3727272727273","12.3909090909091","12.4909090909091","12.3","11.7818181818182","11.0363636363636","9.51818181818182","8.32727272727273","6.99090909090909","6.08181818181818","6.04545454545455","5.68181818181818","5.80909090909091","5.29090909090909","5.03636363636364","4.57272727272727","4.20909090909091","3.76363636363636","3.34545454545455","3.12727272727273","2.81818181818182","2.27272727272727","2.26363636363636","1.98181818181818","1.81818181818182","1.56363636363636","1.40909090909091","1.20909090909091","1.27272727272727","1.07272727272727","0.818181818181818","0.972727272727273","0.854545454545454","0.836363636363636","0.763636363636364","0.618181818181818","0.527272727272727","0.536363636363636","0.418181818181818","0.5","0.3","0.327272727272727","0.254545454545455","0.218181818181818","0.2","0.154545454545455","0.172727272727273","0.263636363636364","0.336363636363636","0.227272727272727","0.3","0.245454545454545","0.172727272727273","0.136363636363636","0.2","0.172727272727273","0.172727272727273","0.136363636363636","0.136363636363636","0.209090909090909","0.172727272727273","0.154545454545455","0.172727272727273","0.136363636363636","0.136363636363636","0.154545454545455","0.172727272727273","0.0727272727272727","0.136363636363636","0.127272727272727","0.0636363636363636","0.1","0.0727272727272727","0.0909090909090909","0.136363636363636","0.0909090909090909","0.109090909090909","0.145454545454545","0.118181818181818","0.127272727272727","0.109090909090909","0.109090909090909","0.154545454545455","0.163636363636364","0.209090909090909","0.163636363636364","0.181818181818182","0.245454545454545","0.127272727272727","0.181818181818182","0.154545454545455"
"A8","113","15.4513274336283","2.4016034466673","0.0881304067122651","0.0204838467970105","12.6029822291823","49.141592920354","7.93919642857143","4","16","HOM","0.0442477876106195","0.0442477876106195","0.0353982300884956","0.0530973451327434","0.0265486725663717","0.0442477876106195","0","0.0265486725663717","0.0442477876106195","0.00884955752212389","0.0353982300884956","0.0265486725663717","0.0884955752212389","0.0353982300884956","0.0619469026548673","0.0442477876106195","0.0353982300884956","0.00884955752212389","0.0530973451327434","0.0353982300884956","0.0353982300884956","0.0442477876106195","0.0265486725663717","0.0265486725663717","0.0353982300884956","0.0353982300884956","0.0442477876106195","0.0442477876106195","0.0176991150442478","0.0265486725663717","0.0353982300884956","0.0619469026548673","0.0265486725663717","0.0265486725663717","0.0530973451327434","0.00884955752212389","0.0353982300884956","0.0353982300884956","0.0265486725663717","0.0176991150442478","0.00884955752212389","0.079646017699115","0.0176991150442478","0.0442477876106195","0.0353982300884956","0.079646017699115","0.0176991150442478","0.0619469026548673","0.0353982300884956","0.0176991150442478","0.0707964601769911","0.0530973451327434","0.0707964601769911","0.00884955752212389","0.0353982300884956","0.0442477876106195","0.0353982300884956","0.079646017699115","0.00884955752212389","0.0530973451327434","0.0265486725663717","0.0442477876106195","0.0353982300884956","0.0353982300884956","0.0265486725663717","0.0530973451327434","0.0619469026548673","0.0530973451327434","0.0176991150442478","0.0265486725663717","0.00884955752212389","0.0265486725663717","0.0619469026548673","0.0176991150442478","0.0353982300884956","0.0265486725663717","0.00884955752212389","0.0265486725663717","0.115044247787611","0.238938053097345","0.31858407079646","0.336283185840708","0.460176991150442","0.530973451327434","0.530973451327434","0.530973451327434","0.486725663716814","0.407079646017699","0.451327433628319","0.327433628318584","0.415929203539823","0.398230088495575","0.327433628318584","0.389380530973451","0.415929203539823","0.380530973451327","0.619469026548673","1.43362831858407","4.65486725663717","11.4867256637168","15.4513274336283","15.0796460176991","14.6194690265487","13.7964601769912","12.5575221238938","10.7256637168142","9.07964601769912","8.15044247787611","7.61946902654867","7.41592920353982","6.90265486725664","6.26548672566372","5.75221238938053","5.02654867256637","3.9646017699115","3.44247787610619","2.92035398230089","2.07964601769911","1.61946902654867","1.28318584070796","0.938053097345133","0.690265486725664","0.539823008849557","0.442477876106195","0.300884955752212","0.194690265486726","0.283185840707965","0.185840707964602","0.115044247787611","0.115044247787611","0.0619469026548673","0.0353982300884956","0.079646017699115","0.0530973451327434","0.0176991150442478","0.0353982300884956","0.0353982300884956","0.00884955752212389","0.0176991150442478","0.0265486725663717","0.0265486725663717","0","0","0","0.00884955752212389","0.00884955752212389","0","0","0","0.00884955752212389","0","0","0","0","0","0","0","0","0","0","0","0","0","0","0","0","0","0","0","0","0","0","0","0","0","0","0","0","0","0","0","0","0","0","0","0","0","0","0","0","0","0","0","0","0","0","0","0","0","0","0"
"B1","262","12.4618320610687","4.00723403359985","0.0813728950227042","0.0646666360292188","10.202865474832","30.7137404580153","3.40946360153257","4","16","HOM","0.183206106870229","0.141221374045802","0.16412213740458","0.183206106870229","0.248091603053435","0.225190839694656","0.244274809160305","0.240458015267176","0.221374045801527","0.187022900763359","0.202290076335878","0.190839694656489","0.206106870229008","0.152671755725191","0.179389312977099","0.183206106870229","0.175572519083969","0.152671755725191","0.16793893129771","0.106870229007634","0.179389312977099","0.213740458015267","0.251908396946565","0.259541984732824","0.240458015267176","0.213740458015267","0.202290076335878","0.194656488549618","0.232824427480916","0.225190839694656","0.244274809160305","0.236641221374046","0.209923664122137","0.187022900763359","0.209923664122137","0.145038167938931","0.202290076335878","0.175572519083969","0.198473282442748","0.183206106870229","0.183206106870229","0.183206106870229","0.209923664122137","0.187022900763359","0.240458015267176","0.286259541984733","0.301526717557252","0.358778625954198","0.408396946564886","0.412213740458015","0.473282442748092","0.583969465648855","0.568702290076336","0.637404580152672","0.687022900763359","0.66412213740458","0.625954198473282","0.729007633587786","0.740458015267176","0.786259541984733","0.805343511450382","0.809160305343511","0.862595419847328","0.862595419847328","0.874045801526718","0.778625954198473","0.793893129770992","0.82824427480916","0.805343511450382","0.786259541984733","0.790076335877863","0.725190839694656","0.763358778625954","0.751908396946565","0.740458015267176","0.778625954198473","0.732824427480916","0.66793893129771","0.709923664122137","0.725190839694656","0.729007633587786","0.729007633587786","0.755725190839695","0.759541984732824","0.778625954198473","0.618320610687023","0.709923664122137","0.591603053435115","0.652671755725191","0.633587786259542","0.66412213740458","0.675572519083969","0.820610687022901","0.927480916030534","1.40076335877863","2.30534351145038","4.18702290076336","5.99618320610687","7.66793893129771","9.22519083969466","12.4618320610687","10.5343511450382","9.83206106870229","8.62595419847328","6.96946564885496","5.61450381679389","4.54580152671756","3.66793893129771","3.27099236641221","2.84732824427481","2.6793893129771","2.47328244274809","2.26717557251908","2.03053435114504","1.91603053435115","1.76335877862595","1.58396946564885","1.49236641221374","1.39312977099237","1.24809160305344","1.20229007633588","1.06106870229008","1.01908396946565","0.935114503816794","0.874045801526718","0.763358778625954","0.858778625954199","0.793893129770992","0.66793893129771","0.67175572519084","0.637404580152672","0.629770992366412","0.49236641221374","0.66030534351145","0.465648854961832","0.5","0.534351145038168","0.465648854961832","0.488549618320611","0.381679389312977","0.431297709923664","0.381679389312977","0.362595419847328","0.412213740458015","0.385496183206107","0.389312977099237","0.305343511450382","0.396946564885496","0.354961832061069","0.282442748091603","0.290076335877863","0.248091603053435","0.240458015267176","0.221374045801527","0.190839694656489","0.244274809160305","0.229007633587786","0.236641221374046","0.229007633587786","0.229007633587786","0.225190839694656","0.217557251908397","0.16793893129771","0.263358778625954","0.213740458015267","0.267175572519084","0.202290076335878","0.217557251908397","0.297709923664122","0.259541984732824","0.240458015267176","0.270992366412214","0.251908396946565","0.278625954198473","0.248091603053435","0.270992366412214","0.316793893129771","0.297709923664122","0.255725190839695","0.259541984732824","0.305343511450382","0.229007633587786","0.194656488549618","0.232824427480916","0.229007633587786","0.179389312977099","0.229007633587786","0.232824427480916","0.278625954198473","0.267175572519084","0.286259541984733","0.244274809160305","0.316793893129771","0.33206106870229","0.347328244274809","0.33206106870229","0.316793893129771","0.320610687022901","0.374045801526718","0.309160305343511","0.316793893129771"
"B2","197","14.8274111675127","3.20723988056823","0.112970254928377","0.0594818434283779","8.51093377773505","40.4416243654822","4.56234693877551","4","16","WT","0.0609137055837563","0.0406091370558376","0.050761421319797","0.0609137055837563","0.050761421319797","0.0761421319796954","0.0710659898477157","0.0456852791878173","0.111675126903553","0.0558375634517767","0.065989847715736","0.065989847715736","0.050761421319797","0.0710659898477157","0.0812182741116751","0.065989847715736","0.050761421319797","0.0761421319796954","0.0456852791878173","0.050761421319797","0.0406091370558376","0.065989847715736","0.0456852791878173","0.0456852791878173","0.0710659898477157","0.0710659898477157","0.0812182741116751","0.050761421319797","0.050761421319797","0.0406091370558376","0.0812182741116751","0.0862944162436548","0.065989847715736","0.0862944162436548","0.0609137055837563","0.0355329949238579","0.0609137055837563","0.0812182741116751","0.0609137055837563","0.0558375634517767","0.0609137055837563","0.111675126903553","0.0558375634517767","0.106598984771574","0.065989847715736","0.0609137055837563","0.0913705583756345","0.0609137055837563","0.0558375634517767","0.0761421319796954","0.050761421319797","0.0862944162436548","0.0812182741116751","0.0609137055837563","0.0964467005076142","0.101522842639594","0.0558375634517767","0.0964467005076142","0.0812182741116751","0.0609137055837563","0.0812182741116751","0.0812182741116751","0.101522842639594","0.208121827411168","0.203045685279188","0.223350253807107","0.274111675126904","0.294416243654822","0.304568527918782","0.289340101522843","0.355329949238579","0.309644670050761","0.365482233502538","0.355329949238579","0.401015228426396","0.421319796954315","0.411167512690355","0.426395939086294","0.401015228426396","0.446700507614213","0.441624365482233","0.421319796954315","0.390862944162437","0.355329949238579","0.360406091370558","0.32994923857868","0.289340101522843","0.350253807106599","0.355329949238579","0.360406091370558","0.426395939086294","0.345177664974619","0.390862944162437","0.401015228426396","0.49746192893401","0.487309644670051","0.969543147208122","2.56852791878173","6.42131979695431","11.3654822335025","14.8274111675127","14.2842639593909","13.9238578680203","13.6345177664975","12.8527918781726","12.1015228426396","10.8629441624365","9.41116751269035","8.03553299492386","7.00507614213198","6.2741116751269","5.7258883248731","5.41116751269035","5.12182741116751","4.64467005076142","4.2994923857868","3.83756345177665","3.48223350253807","3.20304568527919","2.79695431472081","2.31472081218274","1.95431472081218","1.74111675126904","1.49746192893401","1.19796954314721","1.03045685279188","0.868020304568528","0.65989847715736","0.49238578680203","0.421319796954315","0.375634517766497","0.370558375634518","0.365482233502538","0.289340101522843","0.218274111675127","0.248730964467005","0.248730964467005","0.223350253807107","0.228426395939086","0.238578680203046","0.213197969543147","0.223350253807107","0.152284263959391","0.121827411167513","0.157360406091371","0.0964467005076142","0.106598984771574","0.101522842639594","0.0609137055837563","0.121827411167513","0.197969543147208","0.182741116751269","0.218274111675127","0.197969543147208","0.238578680203046","0.182741116751269","0.238578680203046","0.182741116751269","0.223350253807107","0.274111675126904","0.289340101522843","0.203045685279188","0.233502538071066","0.243654822335025","0.218274111675127","0.208121827411168","0.17258883248731","0.17258883248731","0.177664974619289","0.177664974619289","0.152284263959391","0.121827411167513","0.106598984771574","0.0609137055837563","0.050761421319797","0.0609137055837563","0.0558375634517767","0.0355329949238579","0.050761421319797","0.0304568527918782","0.0253807106598985","0.0609137055837563","0.0355329949238579","0.0203045685279188","0.0355329949238579","0.0456852791878173","0.0253807106598985","0.0355329949238579","0.0355329949238579","0.0355329949238579","0.0304568527918782","0.0304568527918782","0.0253807106598985","0.0203045685279188","0.0203045685279188","0.0152284263959391","0.0101522842639594","0.0203045685279188","0.0203045685279188","0.0304568527918782","0.0253807106598985"
"B3","170","9.4","4.27515181916655","0.0575274042950514","0.0443784725257894","8.21370466073308","20.1941176470588","5.2908875739645","4","14","HOM","0.152941176470588","0.182352941176471","0.2","0.135294117647059","0.1","0.170588235294118","0.158823529411765","0.135294117647059","0.158823529411765","0.135294117647059","0.141176470588235","0.170588235294118","0.111764705882353","0.0882352941176471","0.141176470588235","0.111764705882353","0.129411764705882","0.111764705882353","0.194117647058824","0.152941176470588","0.141176470588235","0.117647058823529","0.123529411764706","0.147058823529412","0.158823529411765","0.152941176470588","0.117647058823529","0.135294117647059","0.147058823529412","0.2","0.123529411764706","0.158823529411765","0.2","0.129411764705882","0.2","0.158823529411765","0.170588235294118","0.164705882352941","0.164705882352941","0.164705882352941","0.164705882352941","0.105882352941176","0.111764705882353","0.129411764705882","0.0941176470588235","0.129411764705882","0.123529411764706","0.176470588235294","0.170588235294118","0.229411764705882","0.117647058823529","0.176470588235294","0.294117647058824","0.3","0.241176470588235","0.305882352941176","0.258823529411765","0.247058823529412","0.288235294117647","0.2","0.305882352941176","0.235294117647059","0.3","0.223529411764706","0.270588235294118","0.217647058823529","0.264705882352941","0.270588235294118","0.288235294117647","0.417647058823529","0.452941176470588","0.417647058823529","0.505882352941176","0.547058823529412","0.494117647058824","0.458823529411765","0.576470588235294","0.552941176470588","0.558823529411765","0.547058823529412","0.441176470588235","0.511764705882353","0.405882352941176","0.482352941176471","0.458823529411765","0.494117647058824","0.5","0.488235294117647","0.594117647058824","0.6","0.664705882352941","0.688235294117647","0.852941176470588","1.00588235294118","1.31764705882353","1.97058823529412","3.15882352941176","4.58823529411765","6","6.58235294117647","9.4","6.97058823529412","6.74117647058824","5.79411764705882","4.94705882352941","3.98235294117647","3.57647058823529","3.05294117647059","2.70588235294118","2.28823529411765","2.01176470588235","1.98823529411765","1.65882352941176","1.52941176470588","1.36470588235294","1.32941176470588","1.22352941176471","1.28823529411765","1.2","1.00588235294118","0.917647058823529","0.776470588235294","0.752941176470588","0.711764705882353","0.688235294117647","0.570588235294118","0.482352941176471","0.529411764705882","0.476470588235294","0.417647058823529","0.441176470588235","0.364705882352941","0.247058823529412","0.258823529411765","0.211764705882353","0.188235294117647","0.252941176470588","0.176470588235294","0.194117647058824","0.152941176470588","0.211764705882353","0.158823529411765","0.111764705882353","0.176470588235294","0.170588235294118","0.141176470588235","0.188235294117647","0.129411764705882","0.152941176470588","0.158823529411765","0.158823529411765","0.182352941176471","0.117647058823529","0.188235294117647","0.164705882352941","0.2","0.152941176470588","0.158823529411765","0.164705882352941","0.129411764705882","0.129411764705882","0.111764705882353","0.164705882352941","0.0941176470588235","0.117647058823529","0.117647058823529","0.176470588235294","0.141176470588235","0.135294117647059","0.111764705882353","0.164705882352941","0.176470588235294","0.205882352941176","0.147058823529412","0.141176470588235","0.0941176470588235","0.158823529411765","0.141176470588235","0.141176470588235","0.129411764705882","0.152941176470588","0.129411764705882","0.141176470588235","0.170588235294118","0.164705882352941","0.147058823529412","0.176470588235294","0.223529411764706","0.176470588235294","0.182352941176471","0.194117647058824","0.152941176470588","0.158823529411765","0.141176470588235","0.158823529411765","0.135294117647059","0.135294117647059","0.123529411764706","0.129411764705882","0.141176470588235","0.123529411764706"
"B4","153","12.6013071895425","4.87250593324292","0.103748361660126","0.0644928241189346","8.48827671064324","32.4640522875817","5.87381578947369","4","16","WT","0","0.0196078431372549","0.0065359477124183","0.0326797385620915","0.0130718954248366","0.0261437908496732","0.0196078431372549","0.0130718954248366","0.0196078431372549","0.0130718954248366","0.0326797385620915","0.0196078431372549","0.0196078431372549","0.0261437908496732","0.0065359477124183","0.0261437908496732","0.0196078431372549","0.0065359477124183","0.0196078431372549","0.0261437908496732","0.0196078431372549","0.0392156862745098","0.0261437908496732","0.0261437908496732","0.0065359477124183","0.0326797385620915","0.0196078431372549","0.0196078431372549","0.0392156862745098","0.0392156862745098","0.0522875816993464","0.0196078431372549","0.0457516339869281","0.0718954248366013","0.0718954248366013","0.0065359477124183","0.0261437908496732","0","0.0326797385620915","0.0196078431372549","0.0261437908496732","0.0196078431372549","0.0261437908496732","0","0","0.0261437908496732","0.0326797385620915","0","0.0261437908496732","0.0261437908496732","0.0065359477124183","0.0196078431372549","0.0326797385620915","0.0392156862745098","0.0261437908496732","0.0196078431372549","0.0130718954248366","0.0196078431372549","0.0392156862745098","0.0261437908496732","0.0326797385620915","0.0588235294117647","0.0196078431372549","0.0522875816993464","0.0392156862745098","0.150326797385621","0.183006535947712","0.176470588235294","0.176470588235294","0.130718954248366","0.137254901960784","0.202614379084967","0.202614379084967","0.261437908496732","0.281045751633987","0.300653594771242","0.300653594771242","0.437908496732026","0.470588235294118","0.450980392156863","0.457516339869281","0.444444444444444","0.42483660130719","0.437908496732026","0.34640522875817","0.379084967320261","0.352941176470588","0.326797385620915","0.398692810457516","0.42483660130719","0.490196078431373","0.620915032679739","0.738562091503268","0.869281045751634","1.08496732026144","1.62091503267974","1.82352941176471","2.18954248366013","3.83006535947712","8.58823529411765","12.6013071895425","11.6601307189542","10.921568627451","10.5751633986928","10.2614379084967","9.86928104575163","9.03267973856209","8.35294117647059","7.68627450980392","7.71895424836601","7.84313725490196","7.91503267973856","7.83660130718954","7.27450980392157","6.84967320261438","6.28758169934641","5.7516339869281","5.03921568627451","4.64705882352941","4.2483660130719","3.73202614379085","3.28104575163399","2.81699346405229","2.37254901960784","1.99346405228758","1.66666666666667","1.35947712418301","1.01960784313725","0.934640522875817","0.562091503267974","0.496732026143791","0.379084967320261","0.300653594771242","0.189542483660131","0.189542483660131","0.0980392156862745","0.0784313725490196","0.0718954248366013","0.0457516339869281","0.0065359477124183","0.0196078431372549","0","0","0.0326797385620915","0.0065359477124183","0.0065359477124183","0.0065359477124183","0.0196078431372549","0.0065359477124183","0.0196078431372549","0.0065359477124183","0.0065359477124183","0.0130718954248366","0.0065359477124183","0.0065359477124183","0","0.0065359477124183","0","0.0196078431372549","0.0130718954248366","0.0065359477124183","0","0.0130718954248366","0.0130718954248366","0.0065359477124183","0.0130718954248366","0.0326797385620915","0.104575163398693","0.104575163398693","0.117647058823529","0.111111111111111","0.111111111111111","0.111111111111111","0.104575163398693","0.117647058823529","0.0849673202614379","0.0784313725490196","0.065359477124183","0.065359477124183","0.065359477124183","0.0849673202614379","0.0392156862745098","0.065359477124183","0.0588235294117647","0.0718954248366013","0.0392156862745098","0.0326797385620915","0.0522875816993464","0.0588235294117647","0.065359477124183","0.0196078431372549","0.0130718954248366","0.0196078431372549","0.0196078431372549","0.0326797385620915","0.0392156862745098","0.0130718954248366","0.0196078431372549","0.0457516339869281","0.0326797385620915","0.0130718954248366"
"B5","408","9.10539215686275","4.79620758692141","0.0453903080171463","0.0375681386455396","12.3981409759876","19.6151960784314","2.19808353808354","4","16","HOM","0.235294117647059","0.257352941176471","0.281862745098039","0.200980392156863","0.176470588235294","0.166666666666667","0.191176470588235","0.144607843137255","0.169117647058824","0.16421568627451","0.161764705882353","0.122549019607843","0.161764705882353","0.147058823529412","0.169117647058824","0.137254901960784","0.174019607843137","0.144607843137255","0.151960784313725","0.134803921568627","0.166666666666667","0.149509803921569","0.100490196078431","0.134803921568627","0.142156862745098","0.156862745098039","0.127450980392157","0.178921568627451","0.139705882352941","0.200980392156863","0.188725490196078","0.220588235294118","0.200980392156863","0.208333333333333","0.240196078431373","0.20343137254902","0.220588235294118","0.299019607843137","0.218137254901961","0.198529411764706","0.245098039215686","0.223039215686275","0.200980392156863","0.218137254901961","0.223039215686275","0.318627450980392","0.299019607843137","0.323529411764706","0.338235294117647","0.365196078431373","0.377450980392157","0.357843137254902","0.399509803921569","0.433823529411765","0.463235294117647","0.524509803921569","0.526960784313726","0.563725490196078","0.612745098039216","0.691176470588235","0.78921568627451","0.808823529411765","0.848039215686274","0.852941176470588","0.843137254901961","0.901960784313726","0.857843137254902","0.879901960784314","0.875","0.759803921568627","0.852941176470588","0.752450980392157","0.779411764705882","0.681372549019608","0.651960784313726","0.607843137254902","0.674019607843137","0.651960784313726","0.661764705882353","0.649509803921569","0.642156862745098","0.666666666666667","0.600490196078431","0.580882352941177","0.610294117647059","0.58578431372549","0.583333333333333","0.676470588235294","0.639705882352941","0.649509803921569","0.698529411764706","0.781862745098039","0.924019607843137","1.15441176470588","1.43627450980392","2.04901960784314","2.81127450980392","3.99754901960784","5.12009803921569","6.02941176470588","9.10539215686275","6.46813725490196","5.96323529411765","4.94117647058824","3.75245098039216","2.99754901960784","2.45343137254902","2.08333333333333","1.8578431372549","1.69362745098039","1.54166666666667","1.48774509803922","1.33823529411765","1.31127450980392","1.23529411764706","1.13970588235294","1.16666666666667","1.04166666666667","0.92156862745098","0.872549019607843","0.801470588235294","0.737745098039216","0.661764705882353","0.700980392156863","0.588235294117647","0.575980392156863","0.534313725490196","0.5","0.502450980392157","0.470588235294118","0.482843137254902","0.463235294117647","0.394607843137255","0.424019607843137","0.397058823529412","0.448529411764706","0.490196078431373","0.367647058823529","0.446078431372549","0.392156862745098","0.355392156862745","0.338235294117647","0.355392156862745","0.325980392156863","0.316176470588235","0.316176470588235","0.32843137254902","0.343137254901961","0.316176470588235","0.240196078431373","0.308823529411765","0.237745098039216","0.303921568627451","0.311274509803922","0.291666666666667","0.242647058823529","0.161764705882353","0.196078431372549","0.154411764705882","0.181372549019608","0.215686274509804","0.198529411764706","0.25","0.279411764705882","0.272058823529412","0.316176470588235","0.313725490196078","0.267156862745098","0.262254901960784","0.245098039215686","0.254901960784314","0.274509803921569","0.286764705882353","0.306372549019608","0.262254901960784","0.301470588235294","0.223039215686275","0.230392156862745","0.186274509803922","0.218137254901961","0.21078431372549","0.181372549019608","0.16421568627451","0.17156862745098","0.174019607843137","0.181372549019608","0.17156862745098","0.213235294117647","0.237745098039216","0.213235294117647","0.25","0.242647058823529","0.235294117647059","0.254901960784314","0.218137254901961","0.274509803921569","0.286764705882353","0.291666666666667","0.301470588235294","0.279411764705882","0.259803921568627"
"B6","160","8.925","5.56443106541549","0.0684933928918304","0.0676475312838939","7.68550348792795","23.89375","5.59056603773585","4","16","WT_G","0.16875","0.14375","0.15625","0.15625","0.1625","0.2","0.15","0.15625","0.10625","0.09375","0.15","0.05625","0.05","0.05","0.06875","0.075","0.1125","0.1375","0.03125","0.11875","0.0875","0.03125","0.05625","0.05625","0.08125","0.05625","0.0625","0.05625","0.075","0.075","0.08125","0.04375","0.08125","0.05625","0.0375","0.10625","0.09375","0.1375","0.09375","0.075","0.0125","0.05625","0.075","0.10625","0.09375","0.1125","0.1125","0.10625","0.1375","0.075","0.05","0.08125","0.0875","0.1","0.2","0.2625","0.35625","0.63125","0.9","1.33125","1.69375","1.975","2.09375","2.1","2.20625","2.225","2.1875","2.35","2.41875","2.45625","2.59375","2.56875","2.5375","2.4375","1.89375","1.70625","1.8125","1.75625","1.88125","2.2375","2.3875","2.34375","2.325","2.2375","2.06875","1.925","2.00625","1.8125","1.63125","1.575","1.40625","1.225","1.0625","0.91875","0.7875","0.8125","0.84375","1.01875","1.85","5.0125","8.925","6.85","6.25625","4.78125","4.74375","4.7875","4.98125","5.30625","5.60625","5.93125","6.0625","6.11875","5.78125","4.4125","2.7125","2.7125","2.7","3.25625","3.5375","4.05","3.98125","3.925","3.5375","3.225","3.0375","2.61875","2.2625","2.025","1.81875","1.4375","1.31875","1.25","1.15625","0.825","0.58125","0.65","0.6125","0.58125","0.60625","0.5375","0.65625","0.625","0.6375","0.51875","0.38125","0.33125","0.29375","0.1875","0.1625","0.175","0.11875","0.0875","0.06875","0.06875","0.0125","0.0375","0.05","0.08125","0.075","0.06875","0.0625","0.1125","0.10625","0.14375","0.20625","0.15625","0.11875","0.1","0.1","0.1125","0.10625","0.05625","0.04375","0.0875","0.03125","0.025","0.03125","0.075","0.09375","0.075","0.05625","0.05625","0.05625","0.0625","0.0625","0.125","0.1125","0.05625","0.13125","0.10625","0.15","0.1","0.1","0.18125","0.1375","0.18125","0.275","0.3","0.34375","0.30625","0.26875"
"B7","103","14.6407766990291","3.77259043715463","0.127247658490377","0.0472026111238286","7.85802578138796","47.5242718446602","8.59245098039216","4","16","HOM_G","0.233009708737864","0.252427184466019","0.135922330097087","0.145631067961165","0.16504854368932","0.16504854368932","0.145631067961165","0.29126213592233","0.281553398058252","0.281553398058252","0.300970873786408","0.349514563106796","0.436893203883495","0.485436893203884","0.398058252427184","0.446601941747573","0.485436893203884","0.572815533980582","0.563106796116505","0.514563106796116","0.640776699029126","0.679611650485437","0.660194174757282","0.669902912621359","0.572815533980582","0.563106796116505","0.533980582524272","0.41747572815534","0.514563106796116","0.485436893203884","0.563106796116505","0.427184466019417","0.407766990291262","0.41747572815534","0.320388349514563","0.330097087378641","0.388349514563107","0.368932038834951","0.339805825242718","0.320388349514563","0.466019417475728","0.29126213592233","0.378640776699029","0.320388349514563","0.368932038834951","0.300970873786408","0.271844660194175","0.310679611650485","0.242718446601942","0.203883495145631","0.271844660194175","0.223300970873786","0.184466019417476","0.12621359223301","0.184466019417476","0.155339805825243","0.203883495145631","0.106796116504854","0.135922330097087","0.16504854368932","0.213592233009709","0.155339805825243","0.116504854368932","0.16504854368932","0.174757281553398","0.16504854368932","0.145631067961165","0.135922330097087","0.233009708737864","0.368932038834951","0.233009708737864","0.41747572815534","0.466019417475728","0.427184466019417","0.407766990291262","0.504854368932039","0.359223300970874","0.485436893203884","0.485436893203884","0.378640776699029","0.41747572815534","0.466019417475728","0.475728155339806","0.495145631067961","0.427184466019417","0.242718446601942","0.310679611650485","0.446601941747573","0.388349514563107","0.407766990291262","0.427184466019417","0.456310679611651","0.300970873786408","0.300970873786408","0.349514563106796","0.310679611650485","0.398058252427184","0.699029126213592","1.69902912621359","7.59223300970874","14.6407766990291","14.2330097087379","14.126213592233","13.8349514563107","13.3300970873786","12.6019417475728","12.495145631068","12.3883495145631","12.6699029126214","12.4660194174757","11.5631067961165","10.6116504854369","8.87378640776699","7.1747572815534","5.81553398058252","4.7378640776699","4.06796116504854","3.75728155339806","3.68932038834951","3.07766990291262","2.9126213592233","2.33009708737864","2.05825242718447","1.68932038834951","1.22330097087379","1.19417475728155","0.864077669902913","0.650485436893204","0.485436893203884","0.310679611650485","0.300970873786408","0.320388349514563","0.233009708737864","0.184466019417476","0.174757281553398","0.12621359223301","0.16504854368932","0.12621359223301","0.087378640776699","0.087378640776699","0.135922330097087","0.0388349514563107","0.0485436893203883","0.106796116504854","0.106796116504854","0.0679611650485437","0.058252427184466","0.155339805825243","0.106796116504854","0.174757281553398","0.145631067961165","0.174757281553398","0.233009708737864","0.135922330097087","0.145631067961165","0.16504854368932","0.106796116504854","0.0970873786407767","0.106796116504854","0.16504854368932","0.145631067961165","0.145631067961165","0.0776699029126214","0.203883495145631","0.087378640776699","0.174757281553398","0.106796116504854","0.0679611650485437","0.116504854368932","0.0970873786407767","0.0970873786407767","0.0776699029126214","0.029126213592233","0.087378640776699","0.0485436893203883","0.0776699029126214","0.106796116504854","0.106796116504854","0.116504854368932","0.0776699029126214","0.087378640776699","0.155339805825243","0.0485436893203883","0.145631067961165","0.12621359223301","0.184466019417476","0.0679611650485437","0.116504854368932","0.106796116504854","0.116504854368932","0.135922330097087","0.0485436893203883","0.116504854368932","0.0776699029126214","0.058252427184466","0.16504854368932","0.106796116504854","0.029126213592233","0.0679611650485437","0.0679611650485437","0.252427184466019"
"B8","174","10.5172413793103","5.06572311990365","0.0553632693934418","0.0468255741955274","12.9186602870813","30.7241379310345","5.06803468208093","4","16","WT","0.00574712643678161","0.0172413793103448","0","0.0172413793103448","0.00574712643678161","0.00574712643678161","0.00574712643678161","0","0.00574712643678161","0","0.00574712643678161","0.00574712643678161","0.0114942528735632","0","0","0.00574712643678161","0.0114942528735632","0","0","0.0114942528735632","0","0.0114942528735632","0.0114942528735632","0","0","0.00574712643678161","0.0114942528735632","0","0.0114942528735632","0.0172413793103448","0","0.0172413793103448","0.0114942528735632","0.0114942528735632","0","0.0229885057471264","0.0114942528735632","0.00574712643678161","0.00574712643678161","0","0.0229885057471264","0","0.00574712643678161","0","0.00574712643678161","0.00574712643678161","0.00574712643678161","0","0.0114942528735632","0.0114942528735632","0","0","0.00574712643678161","0","0","0.0517241379310345","0.028735632183908","0.0402298850574713","0.218390804597701","0.46551724137931","0.816091954022989","1.35057471264368","1.91379310344828","2.44252873563218","2.91954022988506","3.7816091954023","4.75862068965517","5.35057471264368","5.98850574712644","6.39655172413793","6.44252873563218","6.22413793103448","5.91379310344828","5.45402298850575","4.98850574712644","4.79885057471264","4.54597701149425","4.40804597701149","4.27586206896552","3.91379310344828","3.78735632183908","3.51724137931034","3.24712643678161","3.06896551724138","2.87931034482759","2.56896551724138","2.49425287356322","2.25287356321839","2.13218390804598","2.00574712643678","2.04597701149425","1.85632183908046","1.8735632183908","1.83333333333333","1.62068965517241","1.36781609195402","1.43103448275862","1.79885057471264","3.32183908045977","6.47701149425287","10.5172413793103","8.59770114942529","7.1264367816092","6.32758620689655","5.38505747126437","4.46551724137931","4.10919540229885","3.96551724137931","3.92528735632184","4","3.92528735632184","3.72413793103448","3.41954022988506","3.13793103448276","2.97126436781609","2.52873563218391","2.43103448275862","2.20689655172414","2.10919540229885","2","1.86781609195402","1.81609195402299","1.63218390804598","1.68965517241379","1.56896551724138","1.54597701149425","1.27586206896552","1.24712643678161","1.21264367816092","0.959770114942529","1.01724137931034","0.775862068965517","0.902298850574713","0.810344827586207","0.78735632183908","0.568965517241379","0.350574712643678","0.310344827586207","0.442528735632184","0.172413793103448","0.0977011494252874","0.103448275862069","0.0172413793103448","0.0114942528735632","0","0.0344827586206897","0.00574712643678161","0.0114942528735632","0.0229885057471264","0.0172413793103448","0.00574712643678161","0.0229885057471264","0","0.0114942528735632","0.00574712643678161","0.0114942528735632","0","0.00574712643678161","0","0","0","0.0114942528735632","0.0114942528735632","0.00574712643678161","0.0114942528735632","0","0.00574712643678161","0","0.00574712643678161","0","0","0.0114942528735632","0.0114942528735632","0.0114942528735632","0.00574712643678161","0","0","0","0","0.00574712643678161","0","0.00574712643678161","0.00574712643678161","0.00574712643678161","0.0114942528735632","0.00574712643678161","0","0.00574712643678161","0.0114942528735632","0.00574712643678161","0","0.0114942528735632","0.0114942528735632","0.0114942528735632","0.0172413793103448","0.0114942528735632","0.00574712643678161","0","0","0.0114942528735632","0.00574712643678161"
"C1","97","15.8762886597938","1.21841539816034","0.108962854728319","0.0194591756982695","11.5050667135603","53.9587628865979","9.27885416666667","4","16","WT","0.0721649484536082","0.0412371134020619","0.0618556701030928","0.0412371134020619","0.0412371134020619","0.0309278350515464","0.0309278350515464","0.0618556701030928","0.0309278350515464","0.0206185567010309","0.0103092783505155","0.0206185567010309","0.0309278350515464","0.0412371134020619","0.0515463917525773","0.0412371134020619","0.0412371134020619","0.0515463917525773","0.0412371134020619","0.0309278350515464","0.0309278350515464","0.0309278350515464","0.0309278350515464","0.0206185567010309","0.0412371134020619","0.0309278350515464","0.0103092783505155","0.0103092783505155","0.0103092783505155","0.0412371134020619","0.0103092783505155","0.0206185567010309","0.0618556701030928","0.0618556701030928","0.0412371134020619","0.0103092783505155","0.0206185567010309","0.0721649484536082","0.0412371134020619","0.0103092783505155","0.0412371134020619","0.0309278350515464","0.0206185567010309","0.0206185567010309","0.0309278350515464","0.0309278350515464","0.0309278350515464","0.0309278350515464","0.0515463917525773","0.0618556701030928","0","0.0721649484536082","0.0206185567010309","0.0206185567010309","0.0515463917525773","0.0103092783505155","0.0309278350515464","0.0412371134020619","0.0412371134020619","0.0309278350515464","0.0618556701030928","0.0206185567010309","0.0412371134020619","0.0309278350515464","0.0618556701030928","0.0103092783505155","0.0618556701030928","0.0206185567010309","0.0206185567010309","0.0206185567010309","0.0309278350515464","0.0721649484536082","0.0309278350515464","0.0206185567010309","0.0206185567010309","0.0927835051546392","0.185567010309278","0.22680412371134","0.206185567010309","0.175257731958763","0.206185567010309","0.154639175257732","0.123711340206186","0.123711340206186","0.11340206185567","0.134020618556701","0.0927835051546392","0.123711340206186","0.0927835051546392","0.0824742268041237","0.103092783505155","0.0721649484536082","0.0412371134020619","0.0618556701030928","0.0721649484536082","0.123711340206186","0.0309278350515464","0.216494845360825","2.2680412371134","10.3298969072165","15.8762886597938","15.8453608247423","15.8453608247423","15.0927835051546","13.659793814433","11.6907216494845","10.4329896907216","9.60824742268041","9.05154639175258","8.92783505154639","8.30927835051546","7.43298969072165","6.47422680412371","5.60824742268041","5.14432989690722","4.24742268041237","3.7319587628866","2.70103092783505","2.22680412371134","1.69072164948454","1.30927835051546","0.969072164948454","0.845360824742268","0.814432989690722","0.865979381443299","0.77319587628866","0.731958762886598","0.793814432989691","0.793814432989691","0.639175257731959","0.670103092783505","0.505154639175258","0.515463917525773","0.474226804123711","0.43298969072165","0.360824742268041","0.329896907216495","0.247422680412371","0.278350515463918","0.268041237113402","0.144329896907216","0.144329896907216","0.134020618556701","0.103092783505155","0.144329896907216","0.0824742268041237","0.0206185567010309","0.123711340206186","0.0103092783505155","0.0206185567010309","0","0.0103092783505155","0","0.0103092783505155","0","0","0.0103092783505155","0","0.0103092783505155","0","0.0206185567010309","0","0","0.0103092783505155","0.0103092783505155","0.0103092783505155","0.0309278350515464","0.0309278350515464","0.0309278350515464","0.0309278350515464","0.0515463917525773","0.0206185567010309","0","0.0103092783505155","0","0.0206185567010309","0","0.0206185567010309","0.0206185567010309","0","0","0","0","0","0","0.0103092783505155","0","0","0","0","0","0","0","0","0","0","0","0","0","0.0103092783505155","0"
"C2","205","12.1756097560976","5.18088400397552","0.0873557141368117","0.0825989573708295","7.00596859359482","34.7560975609756","4.3971568627451","4","16","HOM","0.473170731707317","0.434146341463415","0.321951219512195","0.380487804878049","0.31219512195122","0.473170731707317","0.404878048780488","0.31219512195122","0.370731707317073","0.439024390243902","0.326829268292683","0.414634146341463","0.419512195121951","0.390243902439024","0.341463414634146","0.434146341463415","0.48780487804878","0.492682926829268","0.497560975609756","0.473170731707317","0.531707317073171","0.546341463414634","0.48780487804878","0.497560975609756","0.541463414634146","0.424390243902439","0.448780487804878","0.541463414634146","0.507317073170732","0.526829268292683","0.448780487804878","0.507317073170732","0.546341463414634","0.604878048780488","0.590243902439024","0.502439024390244","0.526829268292683","0.663414634146341","0.585365853658537","0.702439024390244","0.863414634146341","0.970731707317073","0.892682926829268","0.790243902439024","0.980487804878049","1.17560975609756","1.07317073170732","1.01951219512195","1.0780487804878","1.12682926829268","1.16585365853659","1.34634146341463","1.40487804878049","1.46341463414634","1.50731707317073","1.69268292682927","1.60975609756098","1.71707317073171","1.68780487804878","1.78048780487805","1.89756097560976","1.84878048780488","1.92682926829268","2.03414634146341","2.11707317073171","2.13170731707317","2.00487804878049","2.01951219512195","1.82926829268293","2.06341463414634","1.96585365853659","1.98048780487805","1.95121951219512","1.80975609756098","1.77560975609756","1.83414634146341","1.71707317073171","1.76585365853659","1.58048780487805","1.79512195121951","1.57073170731707","1.50243902439024","1.44878048780488","1.34146341463415","1.25365853658537","1.21463414634146","1.13658536585366","1.1609756097561","1.09756097560976","1","0.95609756097561","0.95609756097561","1","1.01951219512195","1.10731707317073","1.32682926829268","1.39024390243902","2.05853658536585","3.41463414634146","7.87317073170732","12.1756097560976","10.5170731707317","9.99024390243902","9.26341463414634","8.61463414634146","7.95121951219512","7.24390243902439","6.34146341463415","5.81951219512195","5.39512195121951","5.0780487804878","4.97073170731707","4.8","4.51707317073171","4.24878048780488","3.93658536585366","3.59024390243902","3.42926829268293","3.05853658536585","2.8","2.55609756097561","2.33170731707317","2.22926829268293","1.8","1.68780487804878","1.60487804878049","1.56585365853659","1.43414634146341","1.29268292682927","1.43414634146341","1.26341463414634","1.33658536585366","1.24390243902439","1.13658536585366","1.13658536585366","1.2","1.08780487804878","0.980487804878049","1.04390243902439","0.960975609756098","0.941463414634146","0.892682926829268","0.902439024390244","0.88780487804878","0.765853658536585","0.873170731707317","0.814634146341463","0.760975609756098","0.736585365853659","0.814634146341463","0.702439024390244","0.868292682926829","0.726829268292683","0.697560975609756","0.839024390243902","0.736585365853659","0.580487804878049","0.614634146341463","0.658536585365854","0.678048780487805","0.692682926829268","0.678048780487805","0.682926829268293","0.609756097560976","0.6","0.663414634146341","0.619512195121951","0.614634146341463","0.614634146341463","0.721951219512195","0.658536585365854","0.75609756097561","0.68780487804878","0.604878048780488","0.678048780487805","0.751219512195122","0.673170731707317","0.770731707317073","0.619512195121951","0.64390243902439","0.55609756097561","0.624390243902439","0.624390243902439","0.629268292682927","0.521951219512195","0.517073170731707","0.55609756097561","0.482926829268293","0.517073170731707","0.51219512195122","0.44390243902439","0.439024390243902","0.565853658536585","0.434146341463415","0.404878048780488","0.463414634146341","0.492682926829268","0.380487804878049","0.51219512195122","0.292682926829268","0.507317073170732"
"C3","526","8.86692015209126","4.71768393754441","0.0626202509203935","0.073419746094449","7.09177994400783","15.9885931558935","1.71224761904762","4","15","WT","0.300380228136882","0.309885931558935","0.326996197718631","0.342205323193916","0.368821292775665","0.347908745247148","0.372623574144487","0.420152091254753","0.346007604562738","0.288973384030418","0.315589353612167","0.357414448669202","0.355513307984791","0.35171102661597","0.319391634980989","0.403041825095057","0.35361216730038","0.368821292775665","0.357414448669202","0.368821292775665","0.389733840304183","0.399239543726236","0.38212927756654","0.406844106463878","0.38212927756654","0.387832699619772","0.414448669201521","0.46958174904943","0.433460076045627","0.422053231939163","0.507604562737643","0.513307984790874","0.541825095057034","0.604562737642586","0.501901140684411","0.673003802281369","0.716730038022814","0.762357414448669","0.899239543726236","0.944866920152091","0.986692015209126","1.13307984790875","1.17110266159696","1.31178707224335","1.4106463878327","1.44866920152091","1.60836501901141","1.63688212927757","1.63878326996198","1.6958174904943","1.82319391634981","1.95247148288973","2.06083650190114","2.07794676806084","2.12927756653992","2.19771863117871","2.29277566539924","2.32319391634981","2.4277566539924","2.52661596958175","2.57034220532319","2.62737642585551","2.68821292775665","2.62737642585551","2.67680608365019","2.78136882129278","2.74714828897338","2.71673003802281","2.72433460076046","2.59695817490494","2.53802281368821","2.51901140684411","2.49049429657795","2.40494296577947","2.36501901140684","2.37262357414449","2.20912547528517","2.20152091254753","2.13878326996198","1.9638783269962","1.93155893536122","1.86121673003802","1.79657794676806","1.66539923954373","1.74904942965779","1.61787072243346","1.51330798479087","1.57604562737643","1.50190114068441","1.56653992395437","1.58745247148289","1.56844106463878","1.59315589353612","1.61026615969582","1.76235741444867","2","2.33460076045627","3.00380228136882","4.21292775665399","5.39163498098859","8.86692015209126","6.16349809885932","5.96007604562738","5.61787072243346","5.28707224334601","4.95817490494297","4.59125475285171","4.28707224334601","4.01330798479087","3.72243346007605","3.50950570342205","3.29277566539924","3.12737642585551","3.00380228136882","2.95437262357414","2.7319391634981","2.77946768060837","2.64828897338403","2.60456273764259","2.54372623574144","2.36121673003802","2.16539923954373","2.03802281368821","1.98479087452471","1.82889733840304","1.79467680608365","1.69391634980989","1.50190114068441","1.39733840304182","1.36311787072243","1.27946768060836","1.19201520912548","1.19201520912548","1.13498098859316","1.03041825095057","1.04942965779468","0.958174904942966","0.96958174904943","0.859315589353612","0.866920152091255","0.743346007604563","0.781368821292776","0.673003802281369","0.650190114068441","0.638783269961977","0.661596958174905","0.566539923954373","0.581749049429658","0.583650190114068","0.610266159695818","0.545627376425855","0.536121673003802","0.545627376425855","0.604562737642586","0.606463878326996","0.543726235741445","0.655893536121673","0.612167300380228","0.600760456273764","0.625475285171103","0.572243346007605","0.659695817490494","0.661596958174905","0.707224334600761","0.653992395437262","0.709125475285171","0.663498098859316","0.655893536121673","0.614068441064639","0.564638783269962","0.557034220532319","0.52851711026616","0.543726235741445","0.486692015209125","0.473384030418251","0.456273764258555","0.475285171102662","0.456273764258555","0.570342205323194","0.511406844106464","0.520912547528517","0.503802281368821","0.513307984790874","0.524714828897338","0.52851711026616","0.538022813688213","0.557034220532319","0.596958174904943","0.634980988593156","0.627376425855513","0.653992395437262","0.652091254752852","0.783269961977186","0.752851711026616","0.76425855513308","0.768060836501901","0.779467680608365","0.781368821292776","0.747148288973384","0.798479087452472","0.775665399239544"
"C4","685","8.43649635036496","4.05309923854409","0.0366876137042195","0.0491858567455054","12.767576210863","14.4540145985401","1.31463450292398","4","16","HOM","0.256934306569343","0.246715328467153","0.308029197080292","0.261313868613139","0.324087591240876","0.294890510948905","0.316788321167883","0.332846715328467","0.324087591240876","0.296350364963504","0.334306569343066","0.312408759124088","0.297810218978102","0.284671532846715","0.289051094890511","0.38978102189781","0.363503649635037","0.338686131386861","0.332846715328467","0.306569343065693","0.275912408759124","0.322627737226277","0.327007299270073","0.321167883211679","0.232116788321168","0.274452554744526","0.30948905109489","0.237956204379562","0.242335766423358","0.261313868613139","0.236496350364963","0.24963503649635","0.255474452554745","0.248175182481752","0.226277372262774","0.248175182481752","0.24963503649635","0.232116788321168","0.214598540145985","0.198540145985401","0.232116788321168","0.245255474452555","0.205839416058394","0.278832116788321","0.262773722627737","0.277372262773723","0.289051094890511","0.315328467153285","0.356204379562044","0.369343065693431","0.375182481751825","0.417518248175182","0.448175182481752","0.458394160583942","0.487591240875912","0.486131386861314","0.493430656934307","0.472992700729927","0.502189781021898","0.548905109489051","0.522627737226277","0.566423357664234","0.633576642335766","0.637956204379562","0.637956204379562","0.684671532846715","0.713868613138686","0.745985401459854","0.694890510948905","0.721167883211679","0.686131386861314","0.699270072992701","0.697810218978102","0.645255474452555","0.672992700729927","0.656934306569343","0.668613138686131","0.674452554744526","0.703649635036496","0.626277372262774","0.684671532846715","0.643795620437956","0.636496350364964","0.655474452554745","0.735766423357664","0.672992700729927","0.626277372262774","0.648175182481752","0.696350364963504","0.629197080291971","0.74014598540146","0.702189781021898","0.8","0.912408759124088","0.988321167883212","1.11386861313869","1.31532846715328","1.64087591240876","2.72408759124088","4.16058394160584","8.43649635036496","4.35474452554744","3.42627737226277","2.99416058394161","2.6992700729927","2.47153284671533","2.30948905109489","2.2","1.94598540145985","1.83795620437956","1.80875912408759","1.75036496350365","1.70510948905109","1.60875912408759","1.57956204379562","1.52408759124088","1.49197080291971","1.34598540145985","1.2978102189781","1.3007299270073","1.17810218978102","1.05693430656934","1.07153284671533","1.03065693430657","0.953284671532847","0.893430656934307","0.88029197080292","0.881751824817518","0.767883211678832","0.81021897810219","0.797080291970803","0.760583941605839","0.703649635036496","0.722627737226277","0.772262773722628","0.74014598540146","0.745985401459854","0.737226277372263","0.786861313868613","0.762043795620438","0.795620437956204","0.791240875912409","0.835036496350365","0.839416058394161","0.794160583941606","0.728467153284671","0.783941605839416","0.792700729927007","0.690510948905109","0.713868613138686","0.712408759124088","0.672992700729927","0.699270072992701","0.727007299270073","0.754744525547445","0.693430656934307","0.654014598540146","0.689051094890511","0.713868613138686","0.668613138686131","0.651094890510949","0.629197080291971","0.64963503649635","0.662773722627737","0.699270072992701","0.632116788321168","0.61021897810219","0.655474452554745","0.667153284671533","0.621897810218978","0.58978102189781","0.642335766423358","0.607299270072993","0.665693430656934","0.664233576642336","0.687591240875912","0.705109489051095","0.821897810218978","0.775182481751825","0.772262773722628","0.773722627737226","0.808759124087591","0.811678832116788","0.82043795620438","0.883211678832117","0.886131386861314","0.848175182481752","0.788321167883212","0.732846715328467","0.716788321167883","0.751824817518248","0.718248175182482","0.722627737226277","0.743065693430657","0.762043795620438","0.732846715328467","0.712408759124088","0.716788321167883","0.675912408759124","0.588321167883212","0.531386861313869"
"C5","489","9.63394683026585","5.57134730788128","0.0561080525927152","0.0468586844225531","10.5396336432147","23.5092024539877","1.83393442622951","4","16","WT","0.098159509202454","0.0858895705521472","0.0961145194274029","0.0920245398773006","0.114519427402863","0.0899795501022495","0.124744376278119","0.102249488752556","0.159509202453988","0.149284253578732","0.159509202453988","0.157464212678937","0.149284253578732","0.173824130879346","0.173824130879346","0.188139059304703","0.208588957055215","0.184049079754601","0.226993865030675","0.220858895705521","0.21881390593047","0.224948875255624","0.257668711656442","0.251533742331288","0.32719836400818","0.339468302658487","0.319018404907975","0.359918200408998","0.398773006134969","0.402862985685072","0.406952965235174","0.441717791411043","0.433537832310838","0.443762781186094","0.486707566462168","0.537832310838446","0.548057259713701","0.570552147239264","0.613496932515337","0.644171779141104","0.707566462167689","0.764826175869121","0.797546012269939","0.840490797546012","0.850715746421268","0.905930470347648","0.975460122699387","1.07361963190184","1.12269938650307","1.13087934560327","1.24744376278119","1.32106339468303","1.40286298568507","1.56032719836401","1.65439672801636","1.7280163599182","1.89161554192229","1.95910020449898","2.13292433537832","2.16973415132924","2.359918200409","2.40081799591002","2.57464212678937","2.70143149284254","2.94274028629857","3.12269938650307","3.23926380368098","3.39877300613497","3.49693251533742","3.49693251533742","3.50511247443763","3.51738241308793","3.54601226993865","3.62372188139059","3.62167689161554","3.58895705521472","3.61349693251534","3.58486707566462","3.53374233128834","3.46830265848671","3.41717791411043","3.4519427402863","3.13087934560327","3.11042944785276","2.88343558282209","2.76687116564417","2.44580777096114","2.3721881390593","2.13292433537832","2.02044989775051","1.84458077709611","1.68711656441718","1.64212678936605","1.65030674846626","2.10429447852761","2.55010224948875","3.93251533742331","4.9079754601227","6.66871165644172","6.80981595092025","9.63394683026585","7.43353783231084","7.9079754601227","7.29243353783231","6.97137014314928","6.06748466257669","5.29652351738241","4.26584867075665","3.59713701431493","3.36196319018405","3.20654396728016","2.9918200408998","2.86298568507157","2.77709611451943","2.52147239263804","2.37423312883436","1.97341513292434","1.82617586912065","1.64621676891616","1.47852760736196","1.34355828220859","1.25766871165644","1.20858895705521","1.11247443762781","1.11656441717791","0.96319018404908","0.96319018404908","0.942740286298569","0.856850715746421","0.875255623721881","0.885480572597137","0.801635991820041","0.858895705521472","0.730061349693252","0.79959100204499","0.738241308793456","0.740286298568507","0.699386503067485","0.625766871165644","0.674846625766871","0.631901840490798","0.656441717791411","0.562372188139059","0.625766871165644","0.525562372188139","0.615541922290389","0.521472392638037","0.595092024539877","0.488752556237219","0.47239263803681","0.451942740286299","0.474437627811861","0.415132924335378","0.384458077709611","0.372188139059305","0.300613496932515","0.355828220858896","0.296523517382413","0.284253578732106","0.265848670756646","0.255623721881391","0.212678936605317","0.243353783231084","0.196319018404908","0.177914110429448","0.186094069529652","0.153374233128834","0.194274028629857","0.165644171779141","0.151329243353783","0.16359918200409","0.151329243353783","0.18200408997955","0.132924335378323","0.16359918200409","0.157464212678937","0.157464212678937","0.151329243353783","0.137014314928425","0.139059304703476","0.134969325153374","0.137014314928425","0.118609406952965","0.116564417177914","0.137014314928425","0.118609406952965","0.124744376278119","0.132924335378323","0.104294478527607","0.110429447852761","0.104294478527607","0.0899795501022495","0.110429447852761","0.0736196319018405","0.0838445807770961","0.0695296523517382","0.0940695296523517","0.0838445807770961","0.0838445807770961","0.065439672801636","0.0531697341513292"
"C6","153","15.4183006535948","2.49898500207418","0.112893210456936","0.0286845036561821","12.1627432756731","57.3071895424837","5.88171052631579","4","16","HOM_G","0.0718954248366013","0.0784313725490196","0.065359477124183","0.0457516339869281","0.0457516339869281","0.0849673202614379","0.0457516339869281","0.0196078431372549","0.0196078431372549","0.0784313725490196","0.0457516339869281","0.0522875816993464","0.0784313725490196","0.111111111111111","0.0849673202614379","0.0849673202614379","0.0915032679738562","0.0718954248366013","0.0849673202614379","0.065359477124183","0.0457516339869281","0.0522875816993464","0.0784313725490196","0.0326797385620915","0.0588235294117647","0.104575163398693","0.0718954248366013","0.0718954248366013","0.065359477124183","0.0261437908496732","0.0718954248366013","0.0522875816993464","0.0784313725490196","0.0915032679738562","0.0784313725490196","0.0980392156862745","0.0588235294117647","0.065359477124183","0.0718954248366013","0.065359477124183","0.0588235294117647","0.0915032679738562","0.0457516339869281","0.0588235294117647","0.0980392156862745","0.0784313725490196","0.0588235294117647","0.0849673202614379","0.0588235294117647","0.0457516339869281","0.0457516339869281","0.0392156862745098","0.0915032679738562","0.0915032679738562","0.0392156862745098","0.0457516339869281","0.0588235294117647","0.065359477124183","0.0784313725490196","0.0522875816993464","0.0718954248366013","0.0588235294117647","0.0392156862745098","0.0784313725490196","0.0718954248366013","0.0326797385620915","0.117647058823529","0.0784313725490196","0.065359477124183","0.0784313725490196","0.0849673202614379","0.104575163398693","0.0718954248366013","0.0718954248366013","0.0784313725490196","0.065359477124183","0.0718954248366013","0.065359477124183","0.104575163398693","0.130718954248366","0.189542483660131","0.163398692810458","0.196078431372549","0.215686274509804","0.215686274509804","0.176470588235294","0.150326797385621","0.163398692810458","0.176470588235294","0.169934640522876","0.183006535947712","0.215686274509804","0.209150326797386","0.183006535947712","0.254901960784314","0.196078431372549","0.379084967320261","0.816993464052288","2.94117647058824","10.9150326797386","15.4183006535948","14.9673202614379","13.843137254902","13.2745098039216","13.0718954248366","13.078431372549","13.1633986928105","13.3333333333333","12.359477124183","10.0718954248366","7.52941176470588","5.7843137254902","4.71241830065359","3.80392156862745","3.42483660130719","2.69934640522876","2.26797385620915","1.75816993464052","1.40522875816993","0.967320261437909","0.790849673202614","0.477124183006536","0.274509803921569","0.169934640522876","0.143790849673203","0.0980392156862745","0.0522875816993464","0.0392156862745098","0.0457516339869281","0.0588235294117647","0.0065359477124183","0","0","0.0261437908496732","0.0065359477124183","0.0065359477124183","0","0","0.0130718954248366","0.0130718954248366","0","0","0.0065359477124183","0","0","0.0130718954248366","0","0","0","0","0.0065359477124183","0.0065359477124183","0","0","0","0.0065359477124183","0.0065359477124183","0.0065359477124183","0.0065359477124183","0","0.0065359477124183","0","0","0.0065359477124183","0.0065359477124183","0.0065359477124183","0","0.0065359477124183","0","0.0065359477124183","0.0065359477124183","0.0065359477124183","0","0","0","0.0065359477124183","0.0130718954248366","0.0065359477124183","0","0.0065359477124183","0.0065359477124183","0","0","0.0130718954248366","0.0065359477124183","0","0.0718954248366013","0.111111111111111","0.104575163398693","0.0915032679738562","0.0915032679738562","0.0915032679738562","0.0915032679738562","0.0915032679738562","0.0980392156862745","0.104575163398693","0.0784313725490196","0.0718954248366013","0.065359477124183","0.0522875816993464","0.065359477124183"
"C7","112","15.8928571428571","1.13389341902768","0.133038256386471","0.0141527709316142","13.2439389864372","61.5535714285714","8.03342342342342","4","16","WT_G","0.0267857142857143","0","0.0178571428571429","0.0178571428571429","0.0178571428571429","0.0178571428571429","0.0357142857142857","0.00892857142857143","0.0178571428571429","0.0178571428571429","0.0267857142857143","0.00892857142857143","0.0267857142857143","0","0.0357142857142857","0.00892857142857143","0.0357142857142857","0.0446428571428571","0.0267857142857143","0.0446428571428571","0.0267857142857143","0.0267857142857143","0.0178571428571429","0.00892857142857143","0.0178571428571429","0.0446428571428571","0.0267857142857143","0.0357142857142857","0","0.0357142857142857","0.0178571428571429","0.0178571428571429","0.0178571428571429","0.00892857142857143","0.0446428571428571","0.0178571428571429","0.0178571428571429","0.0267857142857143","0.00892857142857143","0.0178571428571429","0.0267857142857143","0.00892857142857143","0.0178571428571429","0.00892857142857143","0.0267857142857143","0.0178571428571429","0.0178571428571429","0.0446428571428571","0","0.0267857142857143","0.0267857142857143","0.0267857142857143","0.0446428571428571","0.0357142857142857","0.0178571428571429","0.0267857142857143","0.0267857142857143","0.0267857142857143","0","0.00892857142857143","0.0267857142857143","0.0178571428571429","0.00892857142857143","0.0267857142857143","0.0535714285714286","0.0535714285714286","0.00892857142857143","0.0267857142857143","0.0267857142857143","0","0.0178571428571429","0.00892857142857143","0.0178571428571429","0.0357142857142857","0.0178571428571429","0.0357142857142857","0.0267857142857143","0.00892857142857143","0.0267857142857143","0.00892857142857143","0.00892857142857143","0.0178571428571429","0.125","0.133928571428571","0.151785714285714","0.1875","0.160714285714286","0.133928571428571","0.125","0.178571428571429","0.125","0.133928571428571","0.133928571428571","0.133928571428571","0.116071428571429","0.160714285714286","0.241071428571429","0.901785714285714","5.38392857142857","13.5714285714286","15.8928571428571","15.6785714285714","14.2142857142857","13.3660714285714","12.7589285714286","12.3392857142857","12.5535714285714","12.5982142857143","13.0535714285714","12.5625","11.375","9.23214285714286","7.50892857142857","5.5625","4.13392857142857","2.41964285714286","1.76785714285714","1.01785714285714","0.741071428571429","0.508928571428571","0.339285714285714","0.258928571428571","0.1875","0.133928571428571","0.0803571428571429","0.0625","0.0535714285714286","0.0535714285714286","0.0803571428571429","0.0357142857142857","0.0714285714285714","0.0625","0.178571428571429","0.116071428571429","0.0892857142857143","0.0892857142857143","0.0535714285714286","0.0178571428571429","0.0267857142857143","0","0","0","0","0","0","0","0","0","0","0","0","0","0","0","0","0","0","0","0","0","0","0","0","0","0","0","0","0","0","0","0","0","0","0","0","0","0","0","0","0","0","0","0","0","0","0","0","0","0","0","0","0","0","0","0","0","0","0","0","0","0"
"C8","151","9.97350993377484","4.70453259437825","0.0795512982234837","0.0712395753817211","5.79105033603924","24.7086092715232","5.96786666666667","4","15","HOM","0.298013245033113","0.324503311258278","0.324503311258278","0.311258278145695","0.384105960264901","0.390728476821192","0.397350993377483","0.251655629139073","0.370860927152318","0.271523178807947","0.311258278145695","0.370860927152318","0.390728476821192","0.33112582781457","0.245033112582781","0.337748344370861","0.304635761589404","0.264900662251656","0.278145695364238","0.211920529801325","0.344370860927152","0.271523178807947","0.231788079470199","0.384105960264901","0.337748344370861","0.384105960264901","0.377483443708609","0.364238410596026","0.357615894039735","0.357615894039735","0.390728476821192","0.357615894039735","0.377483443708609","0.298013245033113","0.344370860927152","0.390728476821192","0.410596026490066","0.337748344370861","0.384105960264901","0.397350993377483","0.43046357615894","0.503311258278146","0.47682119205298","0.52317880794702","0.576158940397351","0.576158940397351","0.556291390728477","0.576158940397351","0.589403973509934","0.509933774834437","0.516556291390728","0.66887417218543","0.735099337748344","0.688741721854305","0.675496688741722","0.649006622516556","0.66887417218543","0.867549668874172","0.748344370860927","0.834437086092715","0.860927152317881","0.801324503311258","0.768211920529801","0.841059602649007","0.774834437086093","0.728476821192053","0.774834437086093","0.854304635761589","0.867549668874172","0.834437086092715","0.887417218543046","0.907284768211921","0.834437086092715","0.900662251655629","0.80794701986755","0.682119205298013","0.695364238410596","0.682119205298013","0.71523178807947","0.741721854304636","0.56953642384106","0.609271523178808","0.629139072847682","0.708609271523179","0.543046357615894","0.582781456953642","0.582781456953642","0.629139072847682","0.463576158940397","0.56953642384106","0.602649006622517","0.543046357615894","0.589403973509934","0.682119205298013","0.622516556291391","1.08609271523179","1.60927152317881","3.05298013245033","4.97350993377483","6.74172185430464","9.97350993377484","8.05298013245033","7.49006622516556","6.88079470198675","6.24503311258278","5.63576158940397","4.98013245033113","4.49668874172185","4.21192052980132","3.99337748344371","3.86092715231788","3.6887417218543","3.58278145695364","3.51655629139073","3.20529801324503","2.82119205298013","2.65562913907285","2.51655629139073","2.2317880794702","1.98013245033113","1.80132450331126","1.74172185430464","1.58940397350993","1.60927152317881","1.42384105960265","1.37086092715232","1.21854304635762","1.17880794701987","1.1523178807947","1.02649006622517","0.966887417218543","1.05298013245033","0.973509933774834","0.834437086092715","0.774834437086093","0.71523178807947","0.655629139072848","0.748344370860927","0.635761589403974","0.609271523178808","0.71523178807947","0.66887417218543","0.642384105960265","0.556291390728477","0.543046357615894","0.490066225165563","0.509933774834437","0.490066225165563","0.549668874172185","0.463576158940397","0.629139072847682","0.56953642384106","0.410596026490066","0.456953642384106","0.450331125827815","0.635761589403974","0.470198675496689","0.543046357615894","0.463576158940397","0.463576158940397","0.463576158940397","0.52317880794702","0.509933774834437","0.509933774834437","0.509933774834437","0.536423841059603","0.503311258278146","0.456953642384106","0.47682119205298","0.456953642384106","0.397350993377483","0.490066225165563","0.397350993377483","0.47682119205298","0.443708609271523","0.56953642384106","0.443708609271523","0.47682119205298","0.423841059602649","0.403973509933775","0.437086092715232","0.496688741721854","0.47682119205298","0.456953642384106","0.490066225165563","0.490066225165563","0.450331125827815","0.490066225165563","0.503311258278146","0.443708609271523","0.357615894039735","0.43046357615894","0.456953642384106","0.456953642384106","0.47682119205298","0.43046357615894","0.470198675496689","0.43046357615894","0.509933774834437","0.370860927152318","0.47682119205298"
"D1","325","12.2061538461538","2.95500605392399","0.068417597957598","0.0395760065794958","11.3397196923222","29.5753846153846","2.77064814814815","4","15","HOM","0.224615384615385","0.24","0.292307692307692","0.267692307692308","0.270769230769231","0.270769230769231","0.28","0.270769230769231","0.221538461538462","0.224615384615385","0.255384615384615","0.255384615384615","0.270769230769231","0.187692307692308","0.286153846153846","0.270769230769231","0.329230769230769","0.329230769230769","0.261538461538462","0.264615384615385","0.258461538461538","0.267692307692308","0.264615384615385","0.24","0.249230769230769","0.255384615384615","0.233846153846154","0.230769230769231","0.246153846153846","0.2","0.24","0.267692307692308","0.267692307692308","0.258461538461538","0.323076923076923","0.307692307692308","0.270769230769231","0.270769230769231","0.24","0.28","0.301538461538462","0.295384615384615","0.264615384615385","0.267692307692308","0.255384615384615","0.212307692307692","0.236923076923077","0.24","0.323076923076923","0.230769230769231","0.258461538461538","0.270769230769231","0.255384615384615","0.270769230769231","0.295384615384615","0.323076923076923","0.230769230769231","0.276923076923077","0.295384615384615","0.258461538461538","0.313846153846154","0.316923076923077","0.341538461538462","0.264615384615385","0.310769230769231","0.326153846153846","0.412307692307692","0.436923076923077","0.458461538461538","0.430769230769231","0.492307692307692","0.492307692307692","0.470769230769231","0.483076923076923","0.409230769230769","0.523076923076923","0.470769230769231","0.550769230769231","0.455384615384615","0.424615384615385","0.467692307692308","0.473846153846154","0.412307692307692","0.483076923076923","0.44","0.424615384615385","0.513846153846154","0.516923076923077","0.464615384615385","0.44","0.396923076923077","0.470769230769231","0.495384615384615","0.713846153846154","0.821538461538462","1.52923076923077","3.05846153846154","5.57846153846154","7.84307692307692","9.59692307692308","12.2061538461538","10.3630769230769","9.25846153846154","7.65846153846154","5.66461538461538","4.13230769230769","3.19384615384615","2.69538461538462","2.41538461538462","2.04923076923077","1.83076923076923","1.83076923076923","1.78153846153846","1.52615384615385","1.61846153846154","1.37230769230769","1.15384615384615","1.10769230769231","1.04615384615385","0.938461538461538","0.846153846153846","0.732307692307692","0.689230769230769","0.741538461538462","0.627692307692308","0.593846153846154","0.526153846153846","0.458461538461538","0.375384615384615","0.48","0.403076923076923","0.332307692307692","0.375384615384615","0.393846153846154","0.409230769230769","0.350769230769231","0.292307692307692","0.32","0.323076923076923","0.286153846153846","0.261538461538462","0.283076923076923","0.261538461538462","0.316923076923077","0.286153846153846","0.316923076923077","0.292307692307692","0.28","0.255384615384615","0.28","0.323076923076923","0.310769230769231","0.304615384615385","0.289230769230769","0.295384615384615","0.276923076923077","0.267692307692308","0.298461538461538","0.289230769230769","0.289230769230769","0.326153846153846","0.332307692307692","0.36","0.335384615384615","0.378461538461538","0.338461538461538","0.375384615384615","0.378461538461538","0.32","0.267692307692308","0.326153846153846","0.283076923076923","0.267692307692308","0.298461538461538","0.298461538461538","0.255384615384615","0.329230769230769","0.372307692307692","0.32","0.313846153846154","0.338461538461538","0.390769230769231","0.372307692307692","0.403076923076923","0.4","0.347692307692308","0.372307692307692","0.353846153846154","0.387692307692308","0.329230769230769","0.301538461538462","0.341538461538462","0.310769230769231","0.396923076923077","0.332307692307692","0.323076923076923","0.372307692307692","0.289230769230769","0.366153846153846","0.36","0.310769230769231"
"D2","209","13.5263157894737","4.46142939277544","0.112144319463099","0.0784275342307334","6.22177318376899","34.4736842105263","4.29139423076923","4","16","WT","0.062200956937799","0.0334928229665072","0.0717703349282297","0.0717703349282297","0.0526315789473684","0.062200956937799","0.0861244019138756","0.0717703349282297","0.0669856459330144","0.076555023923445","0.0574162679425837","0.0909090909090909","0.100478468899522","0.148325358851675","0.133971291866029","0.129186602870813","0.119617224880383","0.148325358851675","0.172248803827751","0.15311004784689","0.100478468899522","0.119617224880383","0.124401913875598","0.129186602870813","0.129186602870813","0.114832535885167","0.0956937799043062","0.148325358851675","0.181818181818182","0.200956937799043","0.191387559808612","0.315789473684211","0.334928229665072","0.421052631578947","0.516746411483254","0.674641148325359","0.732057416267943","0.885167464114832","1.02870813397129","1.0622009569378","1.04306220095694","1.13397129186603","1.15789473684211","1.19138755980861","1.27272727272727","1.32057416267943","1.43062200956938","1.43540669856459","1.38755980861244","1.4688995215311","1.50717703349282","1.47368421052632","1.50239234449761","1.58851674641148","1.59808612440191","1.61722488038278","1.58851674641148","1.57894736842105","1.55023923444976","1.54545454545455","1.54066985645933","1.5311004784689","1.35885167464115","1.38755980861244","1.3444976076555","1.4066985645933","1.33014354066986","1.25837320574163","1.26315789473684","1.14832535885167","1.12918660287081","1.26315789473684","1.21531100478469","1.23923444976077","1.2488038277512","1.25837320574163","1.29665071770335","1.3444976076555","1.31578947368421","1.22966507177034","1.32535885167464","1.22966507177034","1.14832535885167","1.11004784688995","1.21531100478469","1.23444976076555","1.20574162679426","1.0622009569378","1.14354066985646","1.11004784688995","1.11483253588517","1.04784688995215","0.899521531100478","1.10047846889952","1.0622009569378","1.11483253588517","1.5311004784689","2.76555023923445","5.05741626794258","9.83253588516746","13.5263157894737","12.4832535885167","12.5358851674641","12.2727272727273","11.5167464114833","10.3971291866029","9.3444976076555","8.22966507177033","7.02870813397129","6.09569377990431","5.55023923444976","5.10047846889952","5.11004784688995","5.25358851674641","5.41626794258373","5.4688995215311","5.36363636363636","5.01435406698565","4.90909090909091","4.53588516746411","4.34928229665072","3.90430622009569","3.85645933014354","3.45933014354067","3.16267942583732","3.02870813397129","2.97129186602871","2.90909090909091","2.76076555023923","2.64114832535885","2.73205741626794","2.58373205741627","2.64593301435407","2.51674641148325","2.60765550239234","2.46411483253589","2.39712918660287","2.42105263157895","2.53588516746411","2.34928229665072","2.38755980861244","2.30143540669856","2.37320574162679","2.30622009569378","2.37320574162679","2.12918660287081","2.33014354066986","2.33014354066986","2.20095693779904","2.2488038277512","2.17224880382775","2.09569377990431","2.07655502392344","2.11004784688995","1.95693779904306","2.02870813397129","1.74641148325359","1.79425837320574","1.7177033492823","1.69377990430622","1.51674641148325","1.40191387559809","1.29665071770335","1.20095693779904","1.01435406698565","0.923444976076555","1.08133971291866","0.727272727272727","0.77511961722488","0.712918660287081","0.564593301435407","0.574162679425837","0.416267942583732","0.421052631578947","0.334928229665072","0.330143540669856","0.267942583732057","0.282296650717703","0.239234449760766","0.239234449760766","0.177033492822967","0.272727272727273","0.15311004784689","0.162679425837321","0.129186602870813","0.114832535885167","0.133971291866029","0.181818181818182","0.162679425837321","0.172248803827751","0.162679425837321","0.157894736842105","0.162679425837321","0.148325358851675","0.15311004784689","0.0909090909090909","0.0813397129186603","0.0478468899521531","0.0669856459330144","0.0478468899521531","0.062200956937799"
"D3","340","11.1117647058824","5.20657428216316","0.0693980153425006","0.05754084647739","11.0285769891985","30","2.64598820058997","4","16","HOM","0.0852941176470588","0.108823529411765","0.123529411764706","0.123529411764706","0.105882352941176","0.105882352941176","0.105882352941176","0.0941176470588235","0.0794117647058823","0.0705882352941176","0.0970588235294118","0.0852941176470588","0.111764705882353","0.108823529411765","0.0941176470588235","0.0882352941176471","0.111764705882353","0.0911764705882353","0.141176470588235","0.144117647058824","0.0735294117647059","0.0676470588235294","0.126470588235294","0.111764705882353","0.0911764705882353","0.0911764705882353","0.129411764705882","0.147058823529412","0.132352941176471","0.126470588235294","0.120588235294118","0.0823529411764706","0.105882352941176","0.120588235294118","0.0823529411764706","0.0882352941176471","0.0882352941176471","0.123529411764706","0.0852941176470588","0.0852941176470588","0.0882352941176471","0.105882352941176","0.0941176470588235","0.0735294117647059","0.0823529411764706","0.117647058823529","0.144117647058824","0.138235294117647","0.141176470588235","0.132352941176471","0.152941176470588","0.155882352941176","0.170588235294118","0.164705882352941","0.158823529411765","0.158823529411765","0.126470588235294","0.188235294117647","0.182352941176471","0.238235294117647","0.25","0.223529411764706","0.294117647058824","0.364705882352941","0.394117647058824","0.438235294117647","0.405882352941176","0.429411764705882","0.491176470588235","0.55","0.6","0.661764705882353","0.638235294117647","0.644117647058824","0.667647058823529","0.655882352941176","0.726470588235294","0.711764705882353","0.735294117647059","0.770588235294118","0.741176470588235","0.773529411764706","0.882352941176471","0.855882352941176","0.805882352941176","0.776470588235294","0.805882352941176","0.858823529411765","0.947058823529412","0.914705882352941","0.961764705882353","1.04705882352941","1.26470588235294","1.22058823529412","1.57352941176471","2.32352941176471","3.11176470588235","5","6.92941176470588","8.48823529411765","11.1117647058824","9.04705882352941","8.45882352941176","8.22352941176471","7.51764705882353","6.78823529411765","6.13235294117647","5.23529411764706","4.94411764705882","4.7","4.61470588235294","4.53529411764706","4.34411764705882","4.05588235294118","3.88823529411765","3.56470588235294","3.24117647058824","2.93235294117647","2.73529411764706","2.66764705882353","2.35588235294118","2.26764705882353","2.11176470588235","1.97647058823529","1.94705882352941","1.69117647058824","1.52941176470588","1.47352941176471","1.38529411764706","1.25","1.05294117647059","1.07941176470588","0.955882352941177","0.882352941176471","0.867647058823529","0.844117647058824","0.770588235294118","0.723529411764706","0.573529411764706","0.573529411764706","0.623529411764706","0.588235294117647","0.585294117647059","0.582352941176471","0.502941176470588","0.476470588235294","0.488235294117647","0.461764705882353","0.405882352941176","0.441176470588235","0.385294117647059","0.420588235294118","0.485294117647059","0.464705882352941","0.444117647058824","0.414705882352941","0.385294117647059","0.426470588235294","0.358823529411765","0.358823529411765","0.311764705882353","0.320588235294118","0.282352941176471","0.291176470588235","0.282352941176471","0.241176470588235","0.282352941176471","0.3","0.3","0.291176470588235","0.270588235294118","0.323529411764706","0.364705882352941","0.373529411764706","0.444117647058824","0.414705882352941","0.461764705882353","0.438235294117647","0.397058823529412","0.464705882352941","0.479411764705882","0.505882352941176","0.482352941176471","0.420588235294118","0.488235294117647","0.470588235294118","0.414705882352941","0.402941176470588","0.355882352941176","0.352941176470588","0.297058823529412","0.279411764705882","0.311764705882353","0.344117647058824","0.305882352941176","0.352941176470588","0.320588235294118","0.311764705882353","0.3","0.291176470588235","0.232352941176471"
"D4","910","8.56043956043956","4.99638767466787","0.0455176844218053","0.0436831251907625","8.96783024437078","15.1912087912088","0.987502750275028","4","16","WT","1.62087912087912","1.64065934065934","1.61868131868132","1.68241758241758","1.76593406593407","1.79010989010989","1.82747252747253","1.91648351648352","1.97252747252747","1.9967032967033","2.12307692307692","2.14505494505494","2.18021978021978","2.23406593406593","2.22307692307692","2.16153846153846","2.16153846153846","2.21978021978022","2.1978021978022","2.25164835164835","2.20879120879121","2.15714285714286","2.18131868131868","2.13296703296703","2.16703296703297","2.09450549450549","2.11318681318681","2.05604395604396","2.06703296703297","2.06043956043956","2.06043956043956","2.0010989010989","2.06923076923077","1.9967032967033","2.08241758241758","2.12747252747253","2.12967032967033","2.22637362637363","2.25494505494505","2.25164835164835","2.31758241758242","2.40769230769231","2.54505494505494","2.57692307692308","2.67912087912088","2.65714285714286","2.86373626373626","2.81318681318681","3.04175824175824","3.14835164835165","3.30659340659341","3.43846153846154","3.51758241758242","3.73846153846154","3.87032967032967","3.95054945054945","3.99340659340659","4.21758241758242","4.24615384615385","4.53736263736264","4.49340659340659","4.6021978021978","4.55714285714286","4.52307692307692","4.47692307692308","4.40989010989011","4.36153846153846","4.23736263736264","4.25054945054945","4.16813186813187","4.13296703296703","3.96043956043956","3.94945054945055","3.84945054945055","3.72527472527473","3.64615384615385","3.45604395604396","3.32967032967033","3.12747252747253","3.05054945054945","2.78681318681319","2.8032967032967","2.67692307692308","2.59120879120879","2.56703296703297","2.5010989010989","2.52747252747253","2.4032967032967","2.42087912087912","2.40549450549451","2.41208791208791","2.37802197802198","2.3043956043956","2.34615384615385","2.41648351648352","2.4978021978022","2.6021978021978","3.0043956043956","4.12747252747253","4.76263736263736","8.56043956043956","5.86043956043956","6.11868131868132","5.74835164835165","5.12527472527473","4.73186813186813","4.38791208791209","4.04065934065934","3.56483516483517","3.24285714285714","2.98021978021978","2.85164835164835","2.76263736263736","2.91318681318681","2.84615384615385","2.89230769230769","2.76923076923077","2.76483516483516","2.61538461538462","2.47472527472527","2.41868131868132","2.38681318681319","2.25054945054945","2.21978021978022","2.23626373626374","2.17472527472527","2.18131868131868","2.16043956043956","2.19120879120879","2.1978021978022","2.20659340659341","2.29010989010989","2.37362637362637","2.30549450549451","2.45054945054945","2.35384615384615","2.31208791208791","2.34725274725275","2.40769230769231","2.34725274725275","2.45934065934066","2.42197802197802","2.41978021978022","2.47142857142857","2.3967032967033","2.4","2.43736263736264","2.4010989010989","2.34725274725275","2.19120879120879","2.15054945054945","2.14065934065934","2.1956043956044","2.11428571428571","2.15494505494505","2.06593406593407","2.12857142857143","2.05384615384615","1.99230769230769","2.00549450549451","1.96043956043956","1.97802197802198","1.86813186813187","1.9043956043956","1.75494505494505","1.64835164835165","1.63076923076923","1.52637362637363","1.47692307692308","1.52307692307692","1.42087912087912","1.43296703296703","1.38131868131868","1.35384615384615","1.35054945054945","1.32197802197802","1.36703296703297","1.30549450549451","1.29120879120879","1.34065934065934","1.34175824175824","1.35054945054945","1.38461538461538","1.42087912087912","1.39450549450549","1.42087912087912","1.45384615384615","1.51428571428571","1.5032967032967","1.53956043956044","1.51648351648352","1.47252747252747","1.37032967032967","1.42087912087912","1.34945054945055","1.30879120879121","1.30879120879121","1.30549450549451","1.31978021978022","1.1956043956044","1.28571428571429"
"D5","291","11.3711340206186","4.64235282416637","0.0650134064579941","0.0645961754803203","8.69260881964068","23.0446735395189","3.0881724137931","4","16","HOM","0.219931271477663","0.134020618556701","0.154639175257732","0.175257731958763","0.144329896907216","0.178694158075601","0.168384879725086","0.219931271477663","0.151202749140893","0.175257731958763","0.178694158075601","0.15807560137457","0.0927835051546392","0.0996563573883162","0.18213058419244","0.154639175257732","0.123711340206186","0.120274914089347","0.144329896907216","0.134020618556701","0.175257731958763","0.140893470790378","0.151202749140893","0.147766323024055","0.154639175257732","0.185567010309278","0.15807560137457","0.130584192439863","0.0790378006872852","0.130584192439863","0.0962199312714777","0.11340206185567","0.171821305841924","0.164948453608247","0.185567010309278","0.140893470790378","0.15807560137457","0.161512027491409","0.140893470790378","0.120274914089347","0.199312714776632","0.164948453608247","0.11340206185567","0.15807560137457","0.147766323024055","0.13745704467354","0.202749140893471","0.199312714776632","0.130584192439863","0.168384879725086","0.15807560137457","0.13745704467354","0.175257731958763","0.243986254295533","0.25085910652921","0.316151202749141","0.302405498281787","0.378006872852234","0.350515463917526","0.357388316151203","0.47766323024055","0.570446735395189","0.573883161512027","0.646048109965636","0.676975945017182","0.762886597938144","0.793814432989691","0.910652920962199","0.93127147766323","1.03780068728522","0.969072164948454","1.03780068728522","1.07903780068729","1.03092783505155","0.982817869415808","0.993127147766323","1.02405498281787","0.958762886597938","0.917525773195876","0.790378006872852","0.855670103092783","0.786941580756014","0.804123711340206","0.807560137457045","0.797250859106529","0.676975945017182","0.721649484536082","0.670103092783505","0.670103092783505","0.65979381443299","0.632302405498282","0.594501718213058","0.714776632302406","0.84192439862543","1.01374570446735","1.32989690721649","1.65979381443299","2.553264604811","4.07560137457045","6.80756013745704","11.3711340206186","8.05498281786942","7.38144329896907","6.85567010309278","6.2680412371134","5.81786941580756","5.42955326460481","4.89347079037801","4.45360824742268","3.83161512027491","3.57731958762887","3.30927835051546","3.26116838487973","3.15120274914089","3.03780068728522","2.85223367697595","2.80068728522337","2.51202749140893","2.3127147766323","2.09965635738832","1.95189003436426","1.73883161512027","1.51546391752577","1.42268041237113","1.31615120274914","1.18900343642612","1.09965635738832","1.09278350515464","0.93127147766323","0.821305841924399","0.838487972508591","0.896907216494845","0.786941580756014","0.804123711340206","0.714776632302406","0.656357388316151","0.656357388316151","0.542955326460481","0.577319587628866","0.573883161512027","0.553264604810997","0.384879725085911","0.436426116838488","0.457044673539519","0.484536082474227","0.474226804123711","0.384879725085911","0.436426116838488","0.374570446735395","0.357388316151203","0.353951890034364","0.347079037800687","0.319587628865979","0.429553264604811","0.419243986254296","0.371134020618557","0.391752577319588","0.343642611683849","0.350515463917526","0.40893470790378","0.422680412371134","0.412371134020619","0.40893470790378","0.405498281786942","0.36426116838488","0.402061855670103","0.43298969072165","0.381443298969072","0.329896907216495","0.357388316151203","0.285223367697594","0.305841924398625","0.309278350515464","0.264604810996564","0.199312714776632","0.367697594501718","0.347079037800687","0.360824742268041","0.412371134020619","0.426116838487972","0.505154639175258","0.505154639175258","0.47766323024055","0.47766323024055","0.501718213058419","0.450171821305842","0.529209621993127","0.391752577319588","0.501718213058419","0.405498281786942","0.474226804123711","0.419243986254296","0.470790378006873","0.481099656357388","0.371134020618557","0.384879725085911","0.305841924398625","0.274914089347079","0.288659793814433","0.329896907216495","0.312714776632302"
"D6","148","14.4932432432432","3.94433481906899","0.140684692747193","0.0595864645051011","8.50494821009191","42.3310810810811","6.04299319727891","4","16","WT_G","0.0608108108108108","0.0743243243243243","0.0540540540540541","0.0810810810810811","0.0878378378378378","0.0472972972972973","0.0608108108108108","0.0743243243243243","0.0202702702702703","0.0878378378378378","0.0608108108108108","0.0608108108108108","0.0472972972972973","0.0405405405405405","0.0878378378378378","0.0945945945945946","0.0743243243243243","0.0743243243243243","0.0472972972972973","0.121621621621622","0.0202702702702703","0.108108108108108","0.114864864864865","0.0810810810810811","0.0608108108108108","0.0743243243243243","0.0540540540540541","0.0878378378378378","0.0675675675675676","0.128378378378378","0.0743243243243243","0.0472972972972973","0.0810810810810811","0.0202702702702703","0.0675675675675676","0.0743243243243243","0.0743243243243243","0.0810810810810811","0.0405405405405405","0.101351351351351","0.0675675675675676","0.0810810810810811","0.0337837837837838","0.0675675675675676","0.0472972972972973","0.101351351351351","0.0675675675675676","0.114864864864865","0.114864864864865","0.0810810810810811","0.0878378378378378","0.121621621621622","0.114864864864865","0.0878378378378378","0.0405405405405405","0.114864864864865","0.101351351351351","0.0743243243243243","0.0675675675675676","0.128378378378378","0.128378378378378","0.0878378378378378","0.0810810810810811","0.0945945945945946","0.0810810810810811","0.0608108108108108","0.141891891891892","0.148648648648649","0.0878378378378378","0.182432432432432","0.256756756756757","0.317567567567568","0.371621621621622","0.425675675675676","0.52027027027027","0.628378378378378","0.959459459459459","1.24324324324324","1.37837837837838","1.37837837837838","1.38513513513514","1.32432432432432","1.22972972972973","1.25675675675676","1.39864864864865","1.28378378378378","1.37162162162162","1.41216216216216","1.23648648648649","1.39864864864865","1.25675675675676","1.02702702702703","1.0472972972973","0.959459459459459","1.00675675675676","1.13513513513514","1.19594594594595","2.33783783783784","5.60135135135135","10.6216216216216","14.4932432432432","14.0337837837838","13.9391891891892","11.8378378378378","9.12837837837838","9.03378378378378","10.1756756756757","11.1891891891892","11.9932432432432","12.5067567567568","12.4527027027027","12.2027027027027","11.4459459459459","10.5135135135135","9.43243243243243","8.27027027027027","6.63513513513514","5.69594594594595","4.16216216216216","3.24324324324324","2.28378378378378","2.11486486486486","1.4527027027027","1.22972972972973","1.03378378378378","0.641891891891892","0.614864864864865","0.418918918918919","0.412162162162162","0.5","0.378378378378378","0.317567567567568","0.331081081081081","0.222972972972973","0.155405405405405","0.0810810810810811","0.101351351351351","0.0337837837837838","0.0472972972972973","0.0405405405405405","0.0540540540540541","0.027027027027027","0.0540540540540541","0.0135135135135135","0.00675675675675676","0.027027027027027","0.00675675675675676","0.00675675675675676","0.0135135135135135","0","0.0135135135135135","0","0.00675675675675676","0","0","0","0.00675675675675676","0.00675675675675676","0.00675675675675676","0","0","0","0","0.00675675675675676","0","0","0","0","0","0","0","0","0","0","0","0","0.0135135135135135","0","0.00675675675675676","0.0135135135135135","0.027027027027027","0.108108108108108","0.101351351351351","0.108108108108108","0.114864864864865","0.0878378378378378","0.0608108108108108","0.0608108108108108","0.0608108108108108","0.0743243243243243","0.0743243243243243","0.0945945945945946","0.101351351351351","0.114864864864865","0.108108108108108","0.128378378378378","0.0743243243243243","0.0945945945945946","0.0675675675675676","0.0405405405405405","0.0743243243243243"
"D7","259","12.6911196911197","5.26406921596066","0.0920251834180406","0.0504289701533551","7.78940816589876","39.6216216216216","3.47434108527132","4","16","HOM_G","0.494208494208494","0.436293436293436","0.555984555984556","0.50965250965251","0.555984555984556","0.420849420849421","0.505791505791506","0.486486486486487","0.467181467181467","0.382239382239382","0.536679536679537","0.498069498069498","0.463320463320463","0.459459459459459","0.444015444015444","0.586872586872587","0.517374517374517","0.49034749034749","0.478764478764479","0.513513513513513","0.521235521235521","0.525096525096525","0.494208494208494","0.413127413127413","0.478764478764479","0.567567567567568","0.471042471042471","0.478764478764479","0.498069498069498","0.50965250965251","0.55984555984556","0.528957528957529","0.49034749034749","0.583011583011583","0.579150579150579","0.463320463320463","0.494208494208494","0.528957528957529","0.567567567567568","0.544401544401544","0.455598455598456","0.55984555984556","0.579150579150579","0.540540540540541","0.583011583011583","0.478764478764479","0.55984555984556","0.525096525096525","0.463320463320463","0.494208494208494","0.548262548262548","0.555984555984556","0.532818532818533","0.567567567567568","0.552123552123552","0.525096525096525","0.525096525096525","0.536679536679537","0.590733590733591","0.544401544401544","0.536679536679537","0.536679536679537","0.532818532818533","0.552123552123552","0.617760617760618","0.590733590733591","0.594594594594595","0.598455598455598","0.571428571428571","0.667953667953668","0.694980694980695","0.725868725868726","0.864864864864865","0.857142857142857","0.810810810810811","0.942084942084942","1.07722007722008","1.18918918918919","1.27413127413127","1.38996138996139","1.44787644787645","1.45559845559846","1.41698841698842","1.51351351351351","1.51351351351351","1.3976833976834","1.42471042471042","1.30501930501931","1.31274131274131","1.15444015444015","0.953667953667954","0.980694980694981","0.961389961389961","0.988416988416988","0.868725868725869","0.915057915057915","1.003861003861","1.5019305019305","3.04247104247104","7.1969111969112","12.6911196911197","11.6525096525097","11.5907335907336","11.5868725868726","11.6138996138996","11.4247104247104","11.3976833976834","11.2471042471042","10.6177606177606","9.22007722007722","7.71428571428571","6.61389961389961","5.60617760617761","4.57915057915058","3.74131274131274","3.00772200772201","2.42471042471042","1.77992277992278","1.47104247104247","1.13127413127413","0.996138996138996","0.868725868725869","1.03088803088803","0.891891891891892","0.891891891891892","0.644787644787645","0.478764478764479","0.621621621621622","0.845559845559846","0.648648648648649","0.571428571428571","0.675675675675676","0.528957528957529","0.501930501930502","0.571428571428571","0.567567567567568","0.451737451737452","0.505791505791506","0.467181467181467","0.393822393822394","0.621621621621622","0.656370656370656","0.606177606177606","0.555984555984556","0.536679536679537","0.552123552123552","0.563706563706564","0.602316602316602","0.640926640926641","0.656370656370656","0.675675675675676","0.521235521235521","0.505791505791506","0.637065637065637","0.637065637065637","0.55984555984556","0.617760617760618","0.691119691119691","0.532818532818533","0.586872586872587","0.532818532818533","0.691119691119691","0.498069498069498","0.586872586872587","0.521235521235521","0.517374517374517","0.49034749034749","0.55984555984556","0.49034749034749","0.444015444015444","0.49034749034749","0.459459459459459","0.49034749034749","0.463320463320463","0.467181467181467","0.432432432432432","0.455598455598456","0.413127413127413","0.416988416988417","0.444015444015444","0.397683397683398","0.447876447876448","0.428571428571429","0.401544401544402","0.505791505791506","0.413127413127413","0.451737451737452","0.532818532818533","0.536679536679537","0.467181467181467","0.536679536679537","0.532818532818533","0.548262548262548","0.61003861003861","0.567567567567568","0.598455598455598","0.606177606177606","0.694980694980695","0.652509652509653","0.633204633204633","0.714285714285714"
"D8","132","12.6818181818182","5.09050632886819","0.0559268109836292","0.0303610660751972","15.7145399537284","40.1363636363636","6.7930534351145","4","16","WT","0.0151515151515152","0.00757575757575758","0.0151515151515152","0","0","0.00757575757575758","0","0","0","0.0151515151515152","0.0151515151515152","0","0","0.00757575757575758","0.0151515151515152","0","0.00757575757575758","0.00757575757575758","0.00757575757575758","0","0","0","0.00757575757575758","0.0151515151515152","0.00757575757575758","0","0.00757575757575758","0","0","0","0.00757575757575758","0.0151515151515152","0.00757575757575758","0.00757575757575758","0.0151515151515152","0","0","0","0.0227272727272727","0.00757575757575758","0","0","0","0","0","0","0.0151515151515152","0","0","0.00757575757575758","0","0.00757575757575758","0","0","0.00757575757575758","0","0","0.0151515151515152","0.0151515151515152","0.00757575757575758","0","0.0151515151515152","0.0227272727272727","0.189393939393939","0.340909090909091","0.583333333333333","1.06060606060606","1.70454545454545","2.02272727272727","2.73484848484848","3.28030303030303","3.50757575757576","3.56060606060606","3.41666666666667","3.11363636363636","2.71969696969697","2.37878787878788","2.27272727272727","2.09848484848485","2.15909090909091","1.96969696969697","1.87121212121212","1.63636363636364","1.37121212121212","1.20454545454545","1.02272727272727","0.939393939393939","0.78030303030303","0.621212121212121","0.492424242424242","0.477272727272727","0.386363636363636","0.333333333333333","0.348484848484849","0.310606060606061","0.196969696969697","0.265151515151515","0.356060606060606","1.70454545454545","7.74242424242424","12.6818181818182","11.4924242424242","11.0757575757576","9.90909090909091","8.12121212121212","6.56060606060606","5.72727272727273","5","4.98484848484848","4.81818181818182","4.53030303030303","4.14393939393939","3.56060606060606","2.86363636363636","2.25","2.03787878787879","1.5","1.40151515151515","1.10606060606061","0.931818181818182","0.856060606060606","0.598484848484849","0.515151515151515","0.484848484848485","0.25","0.189393939393939","0.21969696969697","0.371212121212121","0.386363636363636","0.553030303030303","0.712121212121212","0.575757575757576","0.431818181818182","0.431818181818182","0.257575757575758","0.234848484848485","0.242424242424242","0.166666666666667","0.143939393939394","0.113636363636364","0.0681818181818182","0.00757575757575758","0.0151515151515152","0.00757575757575758","0.00757575757575758","0","0","0","0","0","0","0","0","0","0.00757575757575758","0.00757575757575758","0","0","0","0","0","0","0.00757575757575758","0.00757575757575758","0","0","0","0","0.0151515151515152","0","0","0","0","0","0","0","0","0","0","0","0.00757575757575758","0.0151515151515152","0.0227272727272727","0","0","0","0.00757575757575758","0.00757575757575758","0","0.00757575757575758","0.00757575757575758","0.00757575757575758","0.00757575757575758","0.00757575757575758","0","0","0.00757575757575758","0.00757575757575758","0.00757575757575758","0.00757575757575758","0"
"E1","191","9.80628272251309","4.94593531186175","0.046566772814155","0.0395541317727097","11.690046760187","21.9895287958115","4.72063157894737","4","16","WT","0.104712041884817","0.109947643979058","0.104712041884817","0.115183246073298","0.104712041884817","0.115183246073298","0.12565445026178","0.0732984293193717","0.0837696335078534","0.0680628272251309","0.0471204188481675","0.0785340314136126","0.0366492146596859","0.0523560209424084","0.0680628272251309","0.0785340314136126","0.120418848167539","0.0942408376963351","0.172774869109948","0.151832460732984","0.146596858638743","0.136125654450262","0.183246073298429","0.193717277486911","0.204188481675393","0.178010471204188","0.18848167539267","0.225130890052356","0.214659685863874","0.267015706806283","0.25130890052356","0.25130890052356","0.214659685863874","0.240837696335079","0.261780104712042","0.235602094240838","0.272251308900524","0.324607329842932","0.335078534031414","0.31413612565445","0.287958115183246","0.298429319371728","0.282722513089005","0.246073298429319","0.272251308900524","0.193717277486911","0.167539267015707","0.209424083769634","0.219895287958115","0.277486910994764","0.246073298429319","0.293193717277487","0.298429319371728","0.329842931937173","0.335078534031414","0.287958115183246","0.356020942408377","0.429319371727749","0.49738219895288","0.471204188481675","0.460732984293194","0.43979057591623","0.471204188481675","0.460732984293194","0.486910994764398","0.49738219895288","0.544502617801047","0.62303664921466","0.643979057591623","0.62303664921466","0.722513089005236","0.643979057591623","0.706806282722513","0.617801047120419","0.62303664921466","0.534031413612565","0.507853403141361","0.445026178010471","0.429319371727749","0.43979057591623","0.465968586387435","0.49738219895288","0.43979057591623","0.382198952879581","0.49738219895288","0.523560209424084","0.471204188481675","0.492146596858639","0.418848167539267","0.413612565445026","0.528795811518325","0.565445026178011","0.591623036649215","0.596858638743455","0.790575916230366","0.994764397905759","1.21989528795812","2.24083769633508","3.90575916230366","6.29842931937173","9.80628272251309","7.21989528795812","6.43979057591623","5.50785340314136","4.75392670157068","4.24083769633508","3.49214659685864","2.82722513089005","2.36125654450262","2.22513089005236","1.89005235602094","1.84816753926702","1.62303664921466","1.6282722513089","1.57591623036649","1.37696335078534","1.46073298429319","1.28272251308901","1.23560209424084","1.0261780104712","1.04712041884817","0.979057591623037","0.680628272251309","0.738219895287958","0.712041884816754","0.675392670157068","0.56020942408377","0.628272251308901","0.56020942408377","0.607329842931937","0.539267015706806","0.518324607329843","0.460732984293194","0.429319371727749","0.429319371727749","0.43979057591623","0.31413612565445","0.293193717277487","0.214659685863874","0.293193717277487","0.272251308900524","0.31413612565445","0.403141361256544","0.298429319371728","0.319371727748691","0.267015706806283","0.261780104712042","0.272251308900524","0.235602094240838","0.209424083769634","0.204188481675393","0.204188481675393","0.146596858638743","0.167539267015707","0.162303664921466","0.115183246073298","0.162303664921466","0.151832460732984","0.136125654450262","0.120418848167539","0.146596858638743","0.130890052356021","0.136125654450262","0.0785340314136126","0.104712041884817","0.0680628272251309","0.120418848167539","0.109947643979058","0.115183246073298","0.146596858638743","0.0942408376963351","0.0785340314136126","0.0890052356020942","0.115183246073298","0.115183246073298","0.120418848167539","0.120418848167539","0.0575916230366492","0.104712041884817","0.0837696335078534","0.193717277486911","0.151832460732984","0.167539267015707","0.141361256544503","0.115183246073298","0.115183246073298","0.0680628272251309","0.0942408376963351","0.06282722513089","0.0837696335078534","0.0418848167539267","0.0732984293193717","0.0837696335078534","0.0366492146596859","0.0418848167539267","0.0837696335078534","0.0994764397905759","0.0942408376963351","0.115183246073298","0.109947643979058","0.0732984293193717"
"E2","185","12.6054054054054","4.30759856595359","0.0769575111075111","0.0682227726156837","12.3070110106886","33.0486486486487","4.85353260869565","4","16","HOM","0.0648648648648649","0.0108108108108108","0.0162162162162162","0.0216216216216216","0.0162162162162162","0.0324324324324324","0.00540540540540541","0.0432432432432432","0.0486486486486487","0.0378378378378378","0.0702702702702703","0.0324324324324324","0.0216216216216216","0.0108108108108108","0.0324324324324324","0.0324324324324324","0.0216216216216216","0.0162162162162162","0.0216216216216216","0.0108108108108108","0.027027027027027","0.0162162162162162","0.0162162162162162","0.0108108108108108","0.0108108108108108","0.0756756756756757","0.0918918918918919","0.0864864864864865","0.118918918918919","0.0972972972972973","0.124324324324324","0.108108108108108","0.0972972972972973","0.124324324324324","0.118918918918919","0.0918918918918919","0.0918918918918919","0.0864864864864865","0.0756756756756757","0.0918918918918919","0.0756756756756757","0.0810810810810811","0.0810810810810811","0.178378378378378","0.145945945945946","0.167567567567568","0.156756756756757","0.189189189189189","0.167567567567568","0.194594594594595","0.367567567567568","0.459459459459459","0.556756756756757","0.675675675675676","0.659459459459459","0.637837837837838","0.654054054054054","0.724324324324324","0.762162162162162","0.778378378378378","0.810810810810811","0.805405405405405","0.837837837837838","0.832432432432432","0.859459459459459","0.837837837837838","1.01621621621622","0.978378378378378","1.02162162162162","1.02162162162162","1.06486486486486","1.12432432432432","1.0972972972973","1.13513513513514","1.16216216216216","1.04864864864865","1.08648648648649","1.01621621621622","1","1.01081081081081","0.92972972972973","0.967567567567568","0.875675675675676","0.832432432432432","0.794594594594595","0.740540540540541","0.681081081081081","0.659459459459459","0.594594594594595","0.605405405405405","0.454054054054054","0.497297297297297","0.443243243243243","0.524324324324324","0.491891891891892","0.843243243243243","1.97297297297297","4.27567567567568","7.33513513513514","9.29189189189189","12.6054054054054","10.0054054054054","9.05945945945946","7.76756756756757","6.40540540540541","5.45405405405405","4.70810810810811","4.04864864864865","3.77837837837838","3.45945945945946","3.32972972972973","3.06486486486486","2.97837837837838","2.72432432432432","2.55135135135135","2.33513513513514","2.02702702702703","1.87567567567568","1.67027027027027","1.38378378378378","1.13513513513514","1.11351351351351","1.02702702702703","0.772972972972973","0.778378378378378","0.643243243243243","0.578378378378378","0.578378378378378","0.524324324324324","0.497297297297297","0.356756756756757","0.367567567567568","0.32972972972973","0.383783783783784","0.254054054054054","0.254054054054054","0.183783783783784","0.232432432432432","0.254054054054054","0.221621621621622","0.291891891891892","0.308108108108108","0.275675675675676","0.275675675675676","0.2","0.237837837837838","0.302702702702703","0.291891891891892","0.297297297297297","0.297297297297297","0.232432432432432","0.281081081081081","0.286486486486487","0.232432432432432","0.259459459459459","0.205405405405405","0.194594594594595","0.189189189189189","0.167567567567568","0.172972972972973","0.162162162162162","0.178378378378378","0.140540540540541","0.145945945945946","0.140540540540541","0.162162162162162","0.156756756756757","0.167567567567568","0.135135135135135","0.124324324324324","0.118918918918919","0.0594594594594595","0.0540540540540541","0.0918918918918919","0.194594594594595","0.102702702702703","0.118918918918919","0.0810810810810811","0.0432432432432432","0.113513513513514","0.0702702702702703","0.0540540540540541","0.0324324324324324","0.0432432432432432","0.0108108108108108","0.0162162162162162","0.0162162162162162","0.0216216216216216","0.00540540540540541","0.0216216216216216","0.0432432432432432","0.0432432432432432","0.0324324324324324","0.027027027027027","0.0108108108108108","0.0108108108108108","0.0216216216216216","0.0486486486486487","0.0972972972972973","0.0810810810810811","0.0864864864864865"
"E3","207","10.7487922705314","5.48738057926435","0.077419810865463","0.0677377697782916","6.92573055087171","21.6280193236715","4.31087378640777","4","16","WT","0.0338164251207729","0.0144927536231884","0.0144927536231884","0.0386473429951691","0.0483091787439614","0.0531400966183575","0.0483091787439614","0.0193236714975845","0.0917874396135266","0.120772946859903","0.1256038647343","0.0531400966183575","0.0917874396135266","0.0772946859903382","0.0338164251207729","0.0628019323671498","0.0193236714975845","0.072463768115942","0.0628019323671498","0.0531400966183575","0.0338164251207729","0.0241545893719807","0.0241545893719807","0.0531400966183575","0.0338164251207729","0.0241545893719807","0.0772946859903382","0.0917874396135266","0.101449275362319","0.120772946859903","0.101449275362319","0.0917874396135266","0.0917874396135266","0.140096618357488","0.0869565217391304","0.14975845410628","0.178743961352657","0.106280193236715","0.14975845410628","0.130434782608696","0.101449275362319","0.173913043478261","0.246376811594203","0.328502415458937","0.357487922705314","0.560386473429952","0.594202898550725","0.70048309178744","0.879227053140097","0.888888888888889","0.93719806763285","0.942028985507246","0.985507246376812","1.14975845410628","1.21739130434783","1.11111111111111","1.16908212560386","1.26570048309179","1.33816425120773","1.57487922705314","1.71014492753623","1.72463768115942","1.85990338164251","1.79227053140097","1.78743961352657","1.7536231884058","1.65217391304348","1.53140096618357","1.50724637681159","1.41062801932367","1.33333333333333","1.20289855072464","1.17874396135266","1.20772946859903","1.10628019323672","1.06280193236715","1.14009661835749","1.09178743961353","1.03864734299517","0.980676328502415","1.05314009661836","1.11594202898551","0.975845410628019","0.971014492753623","0.946859903381642","0.932367149758454","0.917874396135266","0.8743961352657","0.990338164251208","0.806763285024155","0.922705314009662","1.03864734299517","1.30434782608696","1.19806763285024","1.30917874396135","1.96618357487923","2.85507246376812","4.19806763285024","5.78260869565217","7.43961352657005","10.7487922705314","8.743961352657","8.57004830917874","7.83091787439614","7.35748792270531","6.83091787439614","6.18840579710145","5.36714975845411","4.82608695652174","4.60869565217391","4.28019323671498","4.28985507246377","4.256038647343","4.30434782608696","3.96618357487923","4","3.89855072463768","3.84541062801932","3.53140096618358","3.32850241545894","3.29951690821256","3.06763285024155","3.04830917874396","2.91304347826087","2.67149758454106","2.56038647342995","2.54589371980676","2.32367149758454","2.36714975845411","2.18357487922705","2.07246376811594","2.01449275362319","1.89371980676328","1.66666666666667","1.4975845410628","1.54106280193237","1.40096618357488","1.2512077294686","1.256038647343","1.15942028985507","1.02415458937198","1.05797101449275","0.990338164251208","0.845410628019324","0.78743961352657","0.840579710144927","0.816425120772947","0.93719806763285","0.821256038647343","0.893719806763285","0.821256038647343","0.830917874396135","0.806763285024155","0.864734299516908","0.826086956521739","0.816425120772947","0.777777777777778","0.772946859903382","0.739130434782609","0.63768115942029","0.671497584541063","0.63768115942029","0.541062801932367","0.594202898550725","0.545893719806763","0.478260869565217","0.51207729468599","0.42512077294686","0.468599033816425","0.48792270531401","0.570048309178744","0.531400966183575","0.492753623188406","0.492753623188406","0.400966183574879","0.420289855072464","0.36231884057971","0.338164251207729","0.405797101449275","0.285024154589372","0.285024154589372","0.236714975845411","0.260869565217391","0.309178743961353","0.328502415458937","0.333333333333333","0.29951690821256","0.376811594202899","0.400966183574879","0.410628019323671","0.386473429951691","0.420289855072464","0.492753623188406","0.492753623188406","0.463768115942029","0.526570048309179","0.516908212560386","0.516908212560386","0.42512077294686","0.531400966183575","0.560386473429952"
"E4","476","12.3823529411765","4.51066846830486","0.0665754401119422","0.0597125313731142","11.6538307362963","28.7058823529412","1.88448421052632","4","16","HOM","0.258403361344538","0.258403361344538","0.226890756302521","0.189075630252101","0.189075630252101","0.218487394957983","0.201680672268908","0.186974789915966","0.170168067226891","0.25","0.296218487394958","0.23109243697479","0.281512605042017","0.28781512605042","0.254201680672269","0.254201680672269","0.289915966386555","0.283613445378151","0.28781512605042","0.321428571428571","0.346638655462185","0.346638655462185","0.357142857142857","0.361344537815126","0.40546218487395","0.439075630252101","0.453781512605042","0.428571428571429","0.445378151260504","0.544117647058823","0.523109243697479","0.609243697478992","0.697478991596639","0.636554621848739","0.697478991596639","0.71218487394958","0.724789915966387","0.75","0.781512605042017","0.804621848739496","0.863445378151261","0.90546218487395","0.92436974789916","1.00210084033613","0.955882352941177","0.945378151260504","0.98109243697479","0.989495798319328","0.934873949579832","0.983193277310924","0.955882352941177","0.96218487394958","1.05252100840336","1.03781512605042","1.04621848739496","0.987394957983193","1.09663865546218","1.07142857142857","1.09033613445378","1.11554621848739","1.14705882352941","1.15546218487395","1.12605042016807","1.04201680672269","1.12605042016807","1.09243697478992","1.07983193277311","1.1218487394958","1.12605042016807","1.00840336134454","1.09033613445378","1.13025210084034","1.03781512605042","0.991596638655462","0.991596638655462","0.989495798319328","0.920168067226891","0.873949579831933","0.892857142857143","0.813025210084034","0.78781512605042","0.840336134453782","0.827731092436975","0.796218487394958","0.747899159663866","0.722689075630252","0.783613445378151","0.800420168067227","0.747899159663866","0.758403361344538","0.848739495798319","0.863445378151261","0.966386554621849","1.08403361344538","1.32563025210084","1.55042016806723","2.02731092436975","2.95798319327731","5.31302521008403","8.68697478991597","12.3823529411765","10.1176470588235","9.21008403361344","8.17647058823529","6.86974789915966","5.53361344537815","4.73319327731092","4.14705882352941","3.74159663865546","3.31302521008403","2.98529411764706","2.80252100840336","2.64495798319328","2.67436974789916","2.44327731092437","2.24159663865546","2.03361344537815","1.89075630252101","1.73529411764706","1.62394957983193","1.45588235294118","1.34453781512605","1.33613445378151","1.06932773109244","1.05882352941176","0.983193277310924","0.936974789915966","0.886554621848739","0.775210084033613","0.804621848739496","0.680672268907563","0.69327731092437","0.592436974789916","0.592436974789916","0.525210084033613","0.420168067226891","0.470588235294118","0.46218487394958","0.394957983193277","0.468487394957983","0.415966386554622","0.380252100840336","0.420168067226891","0.403361344537815","0.418067226890756","0.415966386554622","0.432773109243697","0.422268907563025","0.334033613445378","0.376050420168067","0.279411764705882","0.30672268907563","0.275210084033613","0.243697478991597","0.334033613445378","0.323529411764706","0.338235294117647","0.355042016806723","0.403361344537815","0.308823529411765","0.36344537815126","0.380252100840336","0.394957983193277","0.365546218487395","0.36344537815126","0.415966386554622","0.457983193277311","0.378151260504202","0.392857142857143","0.392857142857143","0.407563025210084","0.352941176470588","0.30672268907563","0.319327731092437","0.352941176470588","0.292016806722689","0.262605042016807","0.30672268907563","0.222689075630252","0.245798319327731","0.260504201680672","0.308823529411765","0.28781512605042","0.279411764705882","0.329831932773109","0.338235294117647","0.365546218487395","0.409663865546218","0.418067226890756","0.38655462184874","0.449579831932773","0.44327731092437","0.390756302521008","0.38655462184874","0.422268907563025","0.397058823529412","0.399159663865546","0.350840336134454","0.319327731092437","0.289915966386555","0.336134453781513"
"E5","258","11.4612403100775","4.48434909239828","0.0697387764582532","0.0507002134861534","10.2243606505936","30.3100775193798","3.45622568093385","4","15","WT","0.0658914728682171","0.0310077519379845","0.0775193798449612","0.10077519379845","0.104651162790698","0.0736434108527132","0.0542635658914729","0.0891472868217054","0.0968992248062016","0.0658914728682171","0.0736434108527132","0.0426356589147287","0.0503875968992248","0.0658914728682171","0.0775193798449612","0.0697674418604651","0.0426356589147287","0.062015503875969","0.0426356589147287","0.0581395348837209","0.0503875968992248","0.0581395348837209","0.0426356589147287","0.0465116279069767","0.0697674418604651","0.0813953488372093","0.0930232558139535","0.108527131782946","0.116279069767442","0.186046511627907","0.193798449612403","0.13953488372093","0.155038759689922","0.205426356589147","0.193798449612403","0.224806201550388","0.248062015503876","0.290697674418605","0.372093023255814","0.310077519379845","0.356589147286822","0.406976744186047","0.515503875968992","0.449612403100775","0.546511627906977","0.581395348837209","0.728682170542636","0.798449612403101","0.887596899224806","0.930232558139535","0.953488372093023","1.03488372093023","1.0968992248062","1.34108527131783","1.44573643410853","1.6046511627907","1.74418604651163","1.68217054263566","1.74418604651163","1.74418604651163","1.7015503875969","1.60852713178295","1.56589147286822","1.47286821705426","1.47674418604651","1.52713178294574","1.54263565891473","1.55813953488372","1.58527131782946","1.65503875968992","1.60077519379845","1.58914728682171","1.55426356589147","1.56201550387597","1.36434108527132","1.47286821705426","1.2984496124031","1.27906976744186","1.15891472868217","1.09302325581395","1.08527131782946","1.06201550387597","1.00387596899225","0.891472868217054","0.872093023255814","0.903100775193798","0.817829457364341","0.798449612403101","0.736434108527132","0.779069767441861","0.86046511627907","0.779069767441861","1.05426356589147","1.12015503875969","1.37984496124031","1.85271317829457","2.52713178294574","4.26356589147287","6.72480620155039","8.7906976744186","11.4612403100775","9.87209302325581","9.42248062015504","8.36821705426357","7.11240310077519","6.08139534883721","5.36046511627907","4.46511627906977","3.85271317829457","3.65116279069767","3.38372093023256","3.45736434108527","3.34883720930233","3.34496124031008","3.31782945736434","3.15116279069767","3.05038759689922","2.96124031007752","2.66279069767442","2.5077519379845","2.2906976744186","2.01550387596899","1.84496124031008","1.69767441860465","1.45348837209302","1.53488372093023","1.26744186046512","1.13953488372093","1.15503875968992","0.87984496124031","0.875968992248062","0.782945736434108","0.755813953488372","0.635658914728682","0.596899224806202","0.531007751937985","0.507751937984496","0.422480620155039","0.542635658914729","0.484496124031008","0.484496124031008","0.496124031007752","0.453488372093023","0.437984496124031","0.558139534883721","0.383720930232558","0.422480620155039","0.434108527131783","0.37984496124031","0.449612403100775","0.391472868217054","0.352713178294574","0.375968992248062","0.37984496124031","0.290697674418605","0.294573643410853","0.27906976744186","0.217054263565891","0.263565891472868","0.174418604651163","0.236434108527132","0.155038759689922","0.174418604651163","0.158914728682171","0.127906976744186","0.158914728682171","0.166666666666667","0.151162790697674","0.12015503875969","0.170542635658915","0.131782945736434","0.155038759689922","0.104651162790698","0.131782945736434","0.104651162790698","0.0736434108527132","0.0581395348837209","0.0736434108527132","0.0310077519379845","0.0658914728682171","0.0542635658914729","0.0736434108527132","0.0968992248062016","0.0736434108527132","0.108527131782946","0.10077519379845","0.112403100775194","0.0891472868217054","0.0891472868217054","0.108527131782946","0.0891472868217054","0.0930232558139535","0.0813953488372093","0.12015503875969","0.0736434108527132","0.0891472868217054","0.0968992248062016","0.0930232558139535","0.0891472868217054","0.135658914728682","0.131782945736434"
"E6","236","13.6694915254237","4.54116881523232","0.112580221861472","0.0515229374376592","10.0890263155436","45.7627118644068","3.81497872340426","4","16","HOM_G","0.148305084745763","0.152542372881356","0.105932203389831","0.0677966101694915","0.114406779661017","0.114406779661017","0.110169491525424","0.101694915254237","0.114406779661017","0.122881355932203","0.152542372881356","0.139830508474576","0.144067796610169","0.152542372881356","0.13135593220339","0.148305084745763","0.110169491525424","0.135593220338983","0.114406779661017","0.110169491525424","0.0593220338983051","0.0889830508474576","0.0847457627118644","0.144067796610169","0.076271186440678","0.076271186440678","0.0974576271186441","0.148305084745763","0.144067796610169","0.0805084745762712","0.0635593220338983","0.076271186440678","0.0593220338983051","0.0508474576271186","0.13135593220339","0.127118644067797","0.122881355932203","0.122881355932203","0.148305084745763","0.13135593220339","0.144067796610169","0.156779661016949","0.11864406779661","0.139830508474576","0.139830508474576","0.199152542372881","0.199152542372881","0.194915254237288","0.224576271186441","0.139830508474576","0.194915254237288","0.144067796610169","0.152542372881356","0.144067796610169","0.169491525423729","0.152542372881356","0.165254237288136","0.101694915254237","0.0932203389830508","0.152542372881356","0.0889830508474576","0.110169491525424","0.110169491525424","0.105932203389831","0.0974576271186441","0.0889830508474576","0.0847457627118644","0.0720338983050847","0.0932203389830508","0.0847457627118644","0.0847457627118644","0.13135593220339","0.105932203389831","0.0847457627118644","0.0720338983050847","0.101694915254237","0.156779661016949","0.165254237288136","0.186440677966102","0.13135593220339","0.144067796610169","0.169491525423729","0.220338983050847","0.245762711864407","0.334745762711864","0.326271186440678","0.300847457627119","0.326271186440678","0.36864406779661","0.292372881355932","0.372881355932203","0.389830508474576","0.411016949152542","0.474576271186441","0.627118644067797","0.906779661016949","1.54661016949153","2.01694915254237","2.8728813559322","8.26694915254237","13.6694915254237","12.7881355932203","11.8686440677966","11.1567796610169","11.1398305084746","11.4745762711864","11.6525423728814","11.7584745762712","12.114406779661","12.1949152542373","10.6991525423729","8.73728813559322","7.27542372881356","6.28813559322034","5.83474576271186","5.4364406779661","4.84322033898305","4.49576271186441","3.83474576271186","3.16101694915254","2.66949152542373","2.17372881355932","1.93220338983051","1.60593220338983","1.27542372881356","0.991525423728814","0.745762711864407","0.614406779661017","0.491525423728814","0.394067796610169","0.288135593220339","0.211864406779661","0.156779661016949","0.11864406779661","0.0720338983050847","0.135593220338983","0.101694915254237","0.101694915254237","0.0932203389830508","0.0423728813559322","0.0677966101694915","0.0635593220338983","0.0508474576271186","0.110169491525424","0.0974576271186441","0.0466101694915254","0.076271186440678","0.0974576271186441","0.0550847457627119","0.114406779661017","0.0889830508474576","0.0677966101694915","0.0847457627118644","0.0593220338983051","0.0889830508474576","0.0974576271186441","0.11864406779661","0.114406779661017","0.11864406779661","0.173728813559322","0.177966101694915","0.211864406779661","0.224576271186441","0.241525423728814","0.313559322033898","0.258474576271186","0.207627118644068","0.266949152542373","0.241525423728814","0.224576271186441","0.241525423728814","0.23728813559322","0.338983050847458","0.322033898305085","0.36864406779661","0.309322033898305","0.389830508474576","0.38135593220339","0.372881355932203","0.444915254237288","0.372881355932203","0.491525423728814","0.605932203389831","0.627118644067797","0.699152542372881","0.711864406779661","0.775423728813559","0.805084745762712","0.902542372881356","0.915254237288136","0.970338983050847","1.03389830508475","0.970338983050847","0.961864406779661","1.02542372881356","1.05084745762712","0.957627118644068","0.927966101694915","0.966101694915254","0.961864406779661","0.961864406779661"
"E7","98","11.3367346938776","5.32053767833844","0.106508143217327","0.0862972256164729","7.72031884894642","35.4795918367347","8.90865979381443","4","16","WT_G","0.0918367346938776","0.0408163265306122","0.0510204081632653","0.112244897959184","0.0306122448979592","0.0306122448979592","0.0306122448979592","0.102040816326531","0.0714285714285714","0.0510204081632653","0.0918367346938776","0.0612244897959184","0.0816326530612245","0.0510204081632653","0.0204081632653061","0.0408163265306122","0.0714285714285714","0.102040816326531","0.0918367346938776","0.0714285714285714","0.0510204081632653","0.0612244897959184","0.0816326530612245","0.0714285714285714","0.122448979591837","0.0510204081632653","0.0408163265306122","0.0408163265306122","0.0306122448979592","0.112244897959184","0.0816326530612245","0.0612244897959184","0.0918367346938776","0.0816326530612245","0.0510204081632653","0.0306122448979592","0.0918367346938776","0.0612244897959184","0.0714285714285714","0.0816326530612245","0.112244897959184","0.13265306122449","0.244897959183673","0.26530612244898","0.336734693877551","0.306122448979592","0.36734693877551","0.295918367346939","0.5","0.551020408163265","0.673469387755102","0.846938775510204","1.11224489795918","1.37755102040816","1.47959183673469","1.93877551020408","2.38775510204082","2.51020408163265","2.98979591836735","3.25510204081633","3.64285714285714","4.06122448979592","4.13265306122449","4.53061224489796","4.62244897959184","4.95918367346939","5","5.25510204081633","5.39795918367347","5.42857142857143","5.21428571428571","5.3265306122449","4.97959183673469","4.76530612244898","4.59183673469388","4.56122448979592","4.59183673469388","4.29591836734694","3.86734693877551","3.62244897959184","3.20408163265306","3.31632653061224","3.10204081632653","2.68367346938776","2.68367346938776","2.53061224489796","2.41836734693878","1.8265306122449","1.94897959183673","1.73469387755102","1.62244897959184","1.83673469387755","1.80612244897959","1.8469387755102","1.68367346938776","2.04081632653061","2.11224489795918","2.88775510204082","3.12244897959184","6.27551020408163","11.3367346938776","9.53061224489796","8.90816326530612","8.12244897959184","7.78571428571429","8","8.16326530612245","8.41836734693878","8.91836734693878","9.26530612244898","9.04081632653061","7.6530612244898","6.08163265306122","5.68367346938776","5.8265306122449","6.05102040816327","6.25510204081633","6.12244897959184","5.53061224489796","5.06122448979592","4.3469387755102","3.90816326530612","3.27551020408163","2.91836734693878","2.59183673469388","2.45918367346939","2.22448979591837","2.36734693877551","1.97959183673469","1.68367346938776","1.70408163265306","1.64285714285714","1.40816326530612","1.62244897959184","1.88775510204082","1.24489795918367","1.13265306122449","0.795918367346939","0.918367346938776","0.785714285714286","0.979591836734694","0.785714285714286","0.86734693877551","0.622448979591837","0.438775510204082","0.469387755102041","0.36734693877551","0.36734693877551","0.316326530612245","0.0714285714285714","0.153061224489796","0.102040816326531","0.0714285714285714","0.0306122448979592","0.0306122448979592","0","0","0.0102040816326531","0.0510204081632653","0","0","0","0","0.0204081632653061","0","0","0","0","0","0","0","0","0","0","0","0.0102040816326531","0","0","0","0.0102040816326531","0","0","0","0","0","0","0","0","0","0","0","0","0","0","0","0","0.0102040816326531","0","0","0","0"
"E8","182","9.1978021978022","5.04722401732874","0.0519169533915413","0.0498130374481785","10.3779069767442","21.5769230769231","4.94337016574586","4","16","HOM","0.0934065934065934","0.126373626373626","0.104395604395604","0.0879120879120879","0.0934065934065934","0.0604395604395604","0.0494505494505494","0.043956043956044","0.0604395604395604","0.0384615384615385","0.0769230769230769","0.0879120879120879","0.0934065934065934","0.0274725274725275","0.0604395604395604","0.0989010989010989","0.120879120879121","0.0769230769230769","0.0659340659340659","0.0384615384615385","0.0879120879120879","0.10989010989011","0.0494505494505494","0.0659340659340659","0.0714285714285714","0.120879120879121","0.104395604395604","0.0384615384615385","0.0769230769230769","0.0659340659340659","0.104395604395604","0.043956043956044","0.0384615384615385","0.126373626373626","0.131868131868132","0.126373626373626","0.126373626373626","0.142857142857143","0.164835164835165","0.17032967032967","0.104395604395604","0.115384615384615","0.137362637362637","0.10989010989011","0.104395604395604","0.142857142857143","0.126373626373626","0.10989010989011","0.126373626373626","0.115384615384615","0.0549450549450549","0.120879120879121","0.104395604395604","0.0769230769230769","0.186813186813187","0.236263736263736","0.285714285714286","0.263736263736264","0.274725274725275","0.291208791208791","0.274725274725275","0.313186813186813","0.373626373626374","0.379120879120879","0.461538461538462","0.521978021978022","0.565934065934066","0.60989010989011","0.604395604395604","0.576923076923077","0.494505494505495","0.532967032967033","0.582417582417582","0.593406593406593","0.593406593406593","0.615384615384615","0.620879120879121","0.587912087912088","0.626373626373626","0.604395604395604","0.549450549450549","0.532967032967033","0.494505494505495","0.456043956043956","0.401098901098901","0.450549450549451","0.401098901098901","0.39010989010989","0.417582417582418","0.324175824175824","0.340659340659341","0.32967032967033","0.428571428571429","0.461538461538462","0.648351648351648","1.45054945054945","2.4010989010989","3.91208791208791","5.22527472527473","6.28021978021978","9.1978021978022","6.55494505494505","5.6043956043956","5.12637362637363","4.34065934065934","3.75824175824176","3.31868131868132","3.04395604395604","2.91208791208791","2.85164835164835","2.58241758241758","2.55494505494505","2.39010989010989","2.14285714285714","2.04945054945055","1.81868131868132","1.67032967032967","1.41758241758242","1.26373626373626","1.17582417582418","1.15384615384615","0.983516483516483","0.967032967032967","0.769230769230769","0.71978021978022","0.714285714285714","0.626373626373626","0.620879120879121","0.571428571428571","0.549450549450549","0.472527472527473","0.434065934065934","0.39010989010989","0.384615384615385","0.384615384615385","0.252747252747253","0.428571428571429","0.351648351648352","0.351648351648352","0.247252747252747","0.181318681318681","0.148351648351648","0.285714285714286","0.197802197802198","0.131868131868132","0.142857142857143","0.115384615384615","0.142857142857143","0.159340659340659","0.142857142857143","0.0934065934065934","0.137362637362637","0.120879120879121","0.137362637362637","0.159340659340659","0.131868131868132","0.120879120879121","0.131868131868132","0.181318681318681","0.159340659340659","0.208791208791209","0.203296703296703","0.236263736263736","0.208791208791209","0.214285714285714","0.208791208791209","0.186813186813187","0.131868131868132","0.159340659340659","0.181318681318681","0.181318681318681","0.192307692307692","0.197802197802198","0.17032967032967","0.230769230769231","0.241758241758242","0.21978021978022","0.164835164835165","0.153846153846154","0.137362637362637","0.137362637362637","0.115384615384615","0.0989010989010989","0.142857142857143","0.164835164835165","0.208791208791209","0.181318681318681","0.192307692307692","0.197802197802198","0.175824175824176","0.164835164835165","0.131868131868132","0.137362637362637","0.142857142857143","0.115384615384615","0.0934065934065934","0.131868131868132","0.104395604395604","0.214285714285714","0.192307692307692","0.197802197802198"
"F1","434","4.97926267281106","2.84585244337404","0.0196269612683783","0.0213065557408611","3.61419525129857","6.8778801843318","2.07394919168591","4","15","HOM","0.76036866359447","0.778801843317972","0.735023041474654","0.797235023041475","0.78110599078341","0.714285714285714","0.859447004608295","0.725806451612903","0.778801843317972","0.71889400921659","0.746543778801843","0.771889400921659","0.751152073732719","0.778801843317972","0.804147465437788","0.735023041474654","0.76036866359447","0.838709677419355","0.882488479262673","0.797235023041475","0.797235023041475","0.820276497695853","0.797235023041475","0.847926267281106","0.891705069124424","0.850230414746544","0.813364055299539","0.850230414746544","0.808755760368664","0.875576036866359","0.854838709677419","0.785714285714286","0.914746543778802","0.854838709677419","0.910138248847926","0.947004608294931","0.940092165898618","1.01382488479263","0.889400921658986","0.866359447004608","0.903225806451613","0.91705069124424","0.942396313364055","1.02995391705069","0.91705069124424","0.86405529953917","0.990783410138249","0.907834101382488","0.940092165898618","0.882488479262673","0.880184331797235","0.86405529953917","0.817972350230415","0.981566820276498","0.919354838709677","1.02073732718894","0.894009216589862","0.949308755760369","0.983870967741935","0.963133640552995","0.93778801843318","1.09447004608295","1.09447004608295","1.02995391705069","1.11059907834101","1.03917050691244","1.1221198156682","0.949308755760369","1.0184331797235","1.02995391705069","0.940092165898618","1.01382488479263","0.919354838709677","0.981566820276498","1.02995391705069","0.926267281105991","0.963133640552995","0.983870967741935","0.940092165898618","1.036866359447","0.976958525345622","1.05760368663594","0.972350230414747","1.01612903225806","1.0852534562212","1.02304147465438","1","1.036866359447","1.05069124423963","1.0184331797235","1.03917050691244","1.01612903225806","1.05069124423963","1.0668202764977","1.08986175115207","1.22119815668203","1.41013824884793","1.63594470046083","1.65898617511521","1.63133640552995","4.97926267281106","1.70506912442396","1.78801843317972","1.79032258064516","1.65668202764977","1.46774193548387","1.38940092165899","1.37557603686636","1.27188940092166","1.24884792626728","1.15207373271889","1.1705069124424","1.21889400921659","1.24423963133641","1.25806451612903","1.14976958525346","1.25115207373272","1.26036866359447","1.32488479262673","1.24193548387097","1.28801843317972","1.30414746543779","1.23271889400922","1.27649769585253","1.14746543778802","1.10829493087558","1.03917050691244","0.997695852534562","1.01152073732719","1.07834101382488","0.995391705069124","0.97926267281106","0.905529953917051","0.919354838709677","0.951612903225806","0.956221198156682","0.866359447004608","0.919354838709677","0.960829493087558","1.00691244239631","1.00230414746544","0.93778801843318","0.930875576036866","0.974654377880184","1.04608294930876","0.898617511520737","0.951612903225806","0.900921658986175","0.912442396313364","0.841013824884793","0.914746543778802","0.935483870967742","0.845622119815668","0.815668202764977","0.868663594470046","0.884792626728111","0.834101382488479","0.82258064516129","0.788018433179724","0.783410138248848","0.836405529953917","0.76036866359447","0.824884792626728","0.882488479262673","0.817972350230415","0.76036866359447","0.921658986175115","0.790322580645161","0.788018433179724","0.767281105990783","0.794930875576037","0.861751152073733","0.806451612903226","0.774193548387097","0.776497695852535","0.785714285714286","0.914746543778802","0.785714285714286","0.723502304147465","0.799539170506912","0.827188940092166","0.758064516129032","0.748847926267281","0.859447004608295","0.804147465437788","0.866359447004608","0.737327188940092","0.670506912442396","0.785714285714286","0.711981566820276","0.700460829493088","0.728110599078341","0.76036866359447","0.778801843317972","0.686635944700461","0.751152073732719","0.755760368663594","0.778801843317972","0.741935483870968","0.688940092165899","0.774193548387097"
"F2","164","10.2682926829268","5.04956726685791","0.0428667950443865","0.0329869361941684","7.69035036210609","23.9573170731707","5.41625766871166","4","16","WT","1.02439024390244","0.939024390243902","1.01219512195122","0.920731707317073","0.926829268292683","0.871951219512195","0.689024390243902","0.640243902439024","0.664634146341463","0.573170731707317","0.50609756097561","0.542682926829268","0.554878048780488","0.579268292682927","0.49390243902439","0.567073170731707","0.628048780487805","0.530487804878049","0.609756097560976","0.554878048780488","0.530487804878049","0.597560975609756","0.585365853658537","0.609756097560976","0.634146341463415","0.676829268292683","0.707317073170732","0.74390243902439","0.817073170731707","0.902439024390244","0.957317073170732","1.26219512195122","1.09146341463415","1.09146341463415","1.46951219512195","1.5","1.78048780487805","1.9390243902439","2.28658536585366","2.46341463414634","2.70121951219512","2.78048780487805","2.81707317073171","2.93292682926829","3.10365853658537","3.31707317073171","3.45731707317073","3.59146341463415","3.89634146341463","3.83536585365854","3.64634146341463","3.53048780487805","3.4390243902439","3.50609756097561","3.64634146341463","3.89634146341463","3.82926829268293","3.86585365853659","3.71341463414634","3.65853658536585","3.75609756097561","3.81707317073171","4.01219512195122","4.16463414634146","4.15853658536585","4.32926829268293","4.35975609756098","4.42682926829268","4.26829268292683","4.20731707317073","3.67073170731707","3.5609756097561","3.61585365853659","3.74390243902439","3.73780487804878","3.67073170731707","3.56707317073171","3.43292682926829","3.48170731707317","3.64024390243902","3.59146341463415","3.49390243902439","3.59146341463415","3.27439024390244","3.15853658536585","3.46341463414634","3.26219512195122","3.0609756097561","3.1280487804878","3.25","2.98170731707317","2.78048780487805","2.91463414634146","2.95731707317073","2.95731707317073","2.72560975609756","2.46341463414634","2.00609756097561","2.91463414634146","5.48170731707317","10.2682926829268","8.00609756097561","7.46951219512195","6.85975609756098","5.99390243902439","5.04878048780488","4.04878048780488","3.45731707317073","3.14634146341463","3.01219512195122","2.95731707317073","3.08536585365854","3.1890243902439","3.28658536585366","3.08536585365854","3.09146341463415","2.92073170731707","2.79268292682927","2.67073170731707","2.73780487804878","2.6890243902439","2.58536585365854","2.44512195121951","2.30487804878049","2.14024390243902","2.16463414634146","2.16463414634146","2.23780487804878","2.21341463414634","2.28658536585366","2.17073170731707","2.17682926829268","1.96951219512195","2.13414634146341","1.96341463414634","1.79268292682927","1.65853658536585","1.81707317073171","1.85975609756098","1.74390243902439","1.6280487804878","1.39634146341463","1.6280487804878","1.3719512195122","1.16463414634146","1.67073170731707","1.32926829268293","1.5609756097561","1.3109756097561","1.32317073170732","1.5","1.6280487804878","1.68292682926829","1.49390243902439","1.45731707317073","1.67073170731707","1.48170731707317","1.28048780487805","1.14634146341463","1.04268292682927","0.865853658536585","1.07926829268293","1","0.798780487804878","1.03048780487805","0.823170731707317","0.823170731707317","0.841463414634146","0.859756097560976","1.02439024390244","0.76219512195122","0.835365853658537","0.835365853658537","0.798780487804878","0.878048780487805","0.859756097560976","0.902439024390244","0.810975609756098","0.817073170731707","0.841463414634146","0.792682926829268","0.847560975609756","0.75609756097561","0.902439024390244","0.908536585365854","0.847560975609756","0.804878048780488","0.878048780487805","0.786585365853659","0.774390243902439","0.701219512195122","0.713414634146341","0.701219512195122","0.774390243902439","0.798780487804878","0.536585365853659","0.664634146341463","0.49390243902439","0.609756097560976","0.640243902439024","0.475609756097561"
"F3","500","9.414","4.3764037541844","0.047689113997114","0.0522496430955494","10.8683744838628","20.636","1.7934869739479","4","16","HOM","0.244","0.28","0.286","0.234","0.27","0.284","0.264","0.254","0.248","0.298","0.266","0.266","0.26","0.266","0.342","0.3","0.326","0.256","0.284","0.302","0.28","0.238","0.288","0.36","0.36","0.358","0.318","0.3","0.334","0.356","0.328","0.35","0.336","0.356","0.39","0.442","0.438","0.452","0.424","0.404","0.404","0.448","0.408","0.44","0.506","0.538","0.588","0.64","0.696","0.736","0.7","0.776","0.916","1.056","1.17","1.386","1.554","1.684","1.868","2.066","2.094","2.21","2.204","2.28","2.394","2.502","2.636","2.65","2.662","2.778","2.652","2.57","2.594","2.444","2.318","2.226","2.154","1.992","1.846","1.81","1.726","1.576","1.556","1.468","1.404","1.338","1.212","1.192","1.094","1.136","1.314","1.296","1.22","1.288","1.328","1.618","2.176","3.15","4.216","5.7","9.414","6.38","5.176","4.66","4.122","3.784","3.288","2.83","2.548","2.37","2.344","2.126","2.042","2.022","1.886","1.784","1.664","1.546","1.444","1.372","1.216","1.196","1.152","1","1.04","1.026","0.864","0.872","0.834","0.852","0.88","0.844","0.902","0.79","0.826","0.812","0.786","0.728","0.75","0.73","0.716","0.716","0.788","0.748","0.7","0.788","0.654","0.676","0.608","0.56","0.614","0.606","0.514","0.544","0.49","0.426","0.476","0.442","0.426","0.432","0.442","0.5","0.526","0.47","0.508","0.514","0.536","0.476","0.516","0.49","0.47","0.488","0.45","0.492","0.45","0.476","0.508","0.522","0.484","0.418","0.386","0.374","0.384","0.386","0.346","0.394","0.366","0.378","0.314","0.286","0.266","0.294","0.322","0.326","0.326","0.408","0.332","0.362","0.366","0.372","0.374"
"F4","120","13.85","4.56079382740926","0.101963335275835","0.0479467257187419","9.51783248758271","44.2333333333333","7.53378151260504","4","16","WT","0.075","0.075","0.1","0.0333333333333333","0.0416666666666667","0.05","0.025","0.05","0.05","0.0583333333333333","0.05","0.0833333333333333","0.0833333333333333","0.0416666666666667","0.0583333333333333","0.075","0.125","0.025","0.05","0.0833333333333333","0.075","0.025","0.05","0.0583333333333333","0.0583333333333333","0.075","0.075","0.0916666666666667","0.0583333333333333","0.025","0.0916666666666667","0.0666666666666667","0.0333333333333333","0.1","0.05","0.0583333333333333","0.05","0.0583333333333333","0.0333333333333333","0.0583333333333333","0.075","0.05","0.025","0.0666666666666667","0.0583333333333333","0.133333333333333","0.0416666666666667","0.0333333333333333","0.05","0.0416666666666667","0.0666666666666667","0.025","0.0333333333333333","0.0416666666666667","0.0583333333333333","0.0666666666666667","0.075","0.075","0.108333333333333","0.191666666666667","0.308333333333333","0.533333333333333","0.716666666666667","0.9","1.04166666666667","1.1","1.01666666666667","0.933333333333333","0.933333333333333","1.01666666666667","0.95","0.95","1.03333333333333","1.13333333333333","1.15833333333333","1.525","1.68333333333333","1.98333333333333","2.04166666666667","1.9","1.825","1.8","1.75833333333333","1.75833333333333","1.45833333333333","1.31666666666667","1.325","1.28333333333333","1.2","1.15833333333333","0.875","0.85","0.766666666666667","0.683333333333333","0.641666666666667","0.533333333333333","0.591666666666667","0.5","1.33333333333333","8.075","13.85","13.225","13.3","13.175","12.7083333333333","11.7416666666667","10.1666666666667","8.75","7.85833333333333","7.44166666666667","7.3","7.60833333333333","7.41666666666667","6.58333333333333","5.5","5.06666666666667","4.40833333333333","3.45833333333333","3.175","2.65","2.075","1.75833333333333","1.76666666666667","1.41666666666667","1.21666666666667","0.95","1.00833333333333","0.95","0.716666666666667","0.583333333333333","0.591666666666667","0.575","0.458333333333333","0.383333333333333","0.433333333333333","0.45","0.45","0.433333333333333","0.416666666666667","0.366666666666667","0.291666666666667","0.183333333333333","0.183333333333333","0.241666666666667","0.191666666666667","0.291666666666667","0.208333333333333","0.316666666666667","0.258333333333333","0.183333333333333","0.133333333333333","0.141666666666667","0.075","0.05","0.075","0.0833333333333333","0.0583333333333333","0.0333333333333333","0.05","0.05","0.0333333333333333","0.025","0.0333333333333333","0.0416666666666667","0.0166666666666667","0.0166666666666667","0.0166666666666667","0.025","0.0416666666666667","0.00833333333333333","0.025","0.00833333333333333","0.0333333333333333","0.0416666666666667","0.025","0.0916666666666667","0.05","0.0666666666666667","0.075","0.0583333333333333","0.1","0.0666666666666667","0.158333333333333","0.0416666666666667","0.183333333333333","0.133333333333333","0.158333333333333","0.1","0.1","0.075","0.141666666666667","0.116666666666667","0.0833333333333333","0.0666666666666667","0.05","0.1","0.05","0.00833333333333333","0.0416666666666667","0.0583333333333333","0.0583333333333333"
"F5","330","7.81212121212121","5.31738889551197","0.0476799209628755","0.0550199509789389","6.05930090220792","16.2","2.72863221884498","4","16","HOM","0.503030303030303","0.572727272727273","0.487878787878788","0.472727272727273","0.481818181818182","0.478787878787879","0.484848484848485","0.53030303030303","0.575757575757576","0.551515151515152","0.478787878787879","0.533333333333333","0.566666666666667","0.518181818181818","0.509090909090909","0.581818181818182","0.536363636363636","0.548484848484848","0.484848484848485","0.509090909090909","0.463636363636364","0.503030303030303","0.46969696969697","0.545454545454545","0.572727272727273","0.484848484848485","0.518181818181818","0.506060606060606","0.545454545454545","0.475757575757576","0.56969696969697","0.515151515151515","0.551515151515152","0.536363636363636","0.551515151515152","0.612121212121212","0.593939393939394","0.657575757575758","0.675757575757576","0.842424242424242","0.948484848484848","0.906060606060606","0.990909090909091","0.918181818181818","0.975757575757576","1.04242424242424","1","1.02121212121212","1.14242424242424","1.21515151515152","1.18181818181818","1.28484848484848","1.39393939393939","1.49393939393939","1.36363636363636","1.44848484848485","1.47272727272727","1.48484848484848","1.46363636363636","1.34545454545455","1.47575757575758","1.34242424242424","1.35757575757576","1.40909090909091","1.31212121212121","1.29090909090909","1.23939393939394","1.19393939393939","1.22121212121212","1.13636363636364","1.19393939393939","1.17272727272727","1.07575757575758","1.06969696969697","1.17575757575758","1.08484848484848","0.993939393939394","0.948484848484848","1.02121212121212","0.990909090909091","1.06969696969697","1.06363636363636","0.966666666666667","0.984848484848485","0.924242424242424","0.933333333333333","0.951515151515152","0.866666666666667","0.975757575757576","0.872727272727273","0.833333333333333","0.945454545454545","1.01818181818182","1.1030303030303","1.25454545454545","1.50909090909091","2.12727272727273","3.06060606060606","4.28787878787879","4.74848484848485","7.81212121212121","5.16363636363636","4.9969696969697","4.8030303030303","4.21212121212121","3.8969696969697","3.49393939393939","3.31818181818182","2.98787878787879","2.67575757575758","2.65151515151515","2.58181818181818","2.49090909090909","2.37272727272727","2.18181818181818","2.27272727272727","2.10909090909091","1.98787878787879","2.01515151515152","1.96060606060606","1.92121212121212","1.70909090909091","1.77878787878788","1.78787878787879","1.70606060606061","1.70606060606061","1.64848484848485","1.65151515151515","1.60606060606061","1.64848484848485","1.47575757575758","1.54242424242424","1.51818181818182","1.4030303030303","1.48181818181818","1.38484848484848","1.37575757575758","1.35151515151515","1.20909090909091","1.29393939393939","1.23636363636364","1.22727272727273","1.23030303030303","1.23939393939394","1.16363636363636","1.13636363636364","1.13636363636364","1.06060606060606","1.02727272727273","1.2030303030303","1.07575757575758","1.1","1.08181818181818","0.978787878787879","0.978787878787879","0.942424242424242","0.854545454545454","0.76969696969697","0.818181818181818","0.851515151515152","0.793939393939394","0.887878787878788","0.763636363636364","0.760606060606061","0.7","0.760606060606061","0.757575757575758","0.76969696969697","0.76969696969697","0.654545454545455","0.724242424242424","0.703030303030303","0.666666666666667","0.645454545454546","0.618181818181818","0.639393939393939","0.733333333333333","0.718181818181818","0.666666666666667","0.787878787878788","0.703030303030303","0.715151515151515","0.73030303030303","0.751515151515151","0.83030303030303","0.73030303030303","0.806060606060606","0.751515151515151","0.787878787878788","0.748484848484849","0.754545454545455","0.784848484848485","0.766666666666667","0.718181818181818","0.784848484848485","0.636363636363636","0.684848484848485","0.663636363636364","0.621212121212121","0.566666666666667","0.633333333333333"
"F6","186","12.0591397849462","5.15088523610162","0.072593089183815","0.0581386821479548","13.4389893335351","38.2043010752688","4.80427027027027","4","16","WT_G","0.0376344086021505","0.021505376344086","0.032258064516129","0.0591397849462366","0.010752688172043","0.0161290322580645","0.043010752688172","0.0376344086021505","0.032258064516129","0.0268817204301075","0.032258064516129","0.0268817204301075","0.0483870967741935","0.0376344086021505","0.00537634408602151","0.0268817204301075","0.0268817204301075","0.0161290322580645","0.0268817204301075","0.021505376344086","0.0161290322580645","0.010752688172043","0.0376344086021505","0","0.043010752688172","0.0483870967741935","0.0161290322580645","0.0161290322580645","0.032258064516129","0.0376344086021505","0.010752688172043","0.0376344086021505","0.032258064516129","0.032258064516129","0.0268817204301075","0.021505376344086","0.0483870967741935","0.032258064516129","0.021505376344086","0.00537634408602151","0.0161290322580645","0.021505376344086","0.0268817204301075","0.00537634408602151","0.010752688172043","0.0161290322580645","0.032258064516129","0.0268817204301075","0.0161290322580645","0.043010752688172","0.010752688172043","0.010752688172043","0.021505376344086","0.032258064516129","0.032258064516129","0.010752688172043","0.0161290322580645","0.0537634408602151","0.032258064516129","0.021505376344086","0.032258064516129","0.0752688172043011","0.0376344086021505","0.043010752688172","0.043010752688172","0.0268817204301075","0.043010752688172","0.0591397849462366","0.032258064516129","0.0645161290322581","0.032258064516129","0.0752688172043011","0.0483870967741935","0.0860215053763441","0.0860215053763441","0.0752688172043011","0.161290322580645","0.354838709677419","0.349462365591398","0.360215053763441","0.397849462365591","0.376344086021505","0.462365591397849","0.483870967741935","0.559139784946237","0.71505376344086","0.747311827956989","0.994623655913978","1.06451612903226","1.31720430107527","1.37634408602151","1.60215053763441","1.89247311827957","1.99462365591398","2.26344086021505","2.62365591397849","2.6989247311828","1.96236559139785","2.40860215053763","6.64516129032258","12.0591397849462","10.6774193548387","8.96236559139785","6.22043010752688","6.18817204301075","6.61827956989247","7.40860215053763","7.91397849462366","8.53763440860215","9.10752688172043","9.34408602150538","9.27956989247312","8.58064516129032","8.06451612903226","7.67204301075269","7.11827956989247","6.23655913978495","5.5752688172043","5.10215053763441","4.51612903225806","3.83870967741935","3.39247311827957","2.93548387096774","2.46236559139785","2.01075268817204","1.70967741935484","1.54838709677419","1.31720430107527","1.03225806451613","0.844086021505376","0.655913978494624","0.473118279569892","0.43010752688172","0.28494623655914","0.209677419354839","0.166666666666667","0.0483870967741935","0.0483870967741935","0.0483870967741935","0.0537634408602151","0.00537634408602151","0.0161290322580645","0.00537634408602151","0.00537634408602151","0","0","0.00537634408602151","0","0","0.00537634408602151","0","0","0.010752688172043","0.0161290322580645","0","0.00537634408602151","0.00537634408602151","0.0161290322580645","0.00537634408602151","0","0","0","0","0","0","0","0","0","0","0","0","0","0","0","0","0","0","0","0","0","0","0","0","0","0","0","0.0161290322580645","0.00537634408602151","0.00537634408602151","0.00537634408602151","0.0161290322580645","0.0376344086021505","0.021505376344086","0.021505376344086","0.043010752688172","0.0645161290322581","0.0537634408602151","0.0645161290322581","0.118279569892473","0.112903225806452","0.123655913978495"
"F7","201","14.3781094527363","1.1559923909612","0.107340862426683","0.0130612995363405","12.9334645250505","48.3930348258707","4.48085","4","15","HOM_G","0.0646766169154229","0.0597014925373134","0.0447761194029851","0.0746268656716418","0.0497512437810945","0.0497512437810945","0.0447761194029851","0.0646766169154229","0.0447761194029851","0.0597014925373134","0.0646766169154229","0.0597014925373134","0.0597014925373134","0.0696517412935323","0.0597014925373134","0.0597014925373134","0.0895522388059701","0.0447761194029851","0.0597014925373134","0.0348258706467662","0.0746268656716418","0.0696517412935323","0.0447761194029851","0.0646766169154229","0.0348258706467662","0.0447761194029851","0.0348258706467662","0.0646766169154229","0.0398009950248756","0.0845771144278607","0.0646766169154229","0.0646766169154229","0.0945273631840796","0.0597014925373134","0.0696517412935323","0.054726368159204","0.0696517412935323","0.054726368159204","0.0646766169154229","0.0945273631840796","0.0298507462686567","0.0348258706467662","0.0845771144278607","0.0646766169154229","0.0746268656716418","0.054726368159204","0.0696517412935323","0.0497512437810945","0.0497512437810945","0.0597014925373134","0.0746268656716418","0.054726368159204","0.0646766169154229","0.0398009950248756","0.0447761194029851","0.054726368159204","0.0796019900497512","0.054726368159204","0.054726368159204","0.0646766169154229","0.054726368159204","0.0447761194029851","0.0497512437810945","0.0447761194029851","0.0696517412935323","0.0646766169154229","0.104477611940299","0.0497512437810945","0.0597014925373134","0.0497512437810945","0.0597014925373134","0.0796019900497512","0.0447761194029851","0.0597014925373134","0.054726368159204","0.054726368159204","0.0895522388059701","0.0646766169154229","0.0696517412935323","0.0447761194029851","0.0696517412935323","0.054726368159204","0.149253731343284","0.169154228855721","0.189054726368159","0.203980099502488","0.218905472636816","0.17910447761194","0.194029850746269","0.164179104477612","0.17910447761194","0.149253731343284","0.194029850746269","0.223880597014925","0.253731343283582","0.323383084577114","0.895522388059702","2.48756218905473","7.08457711442786","12.0746268656716","14.3781094527363","13.681592039801","12.9651741293532","12.0149253731343","11.0199004975124","10.4975124378109","10.0398009950249","9.23880597014925","8.07462686567164","6.85572139303483","6.01990049751244","5.28855721393035","4.40796019900498","3.61691542288557","2.81094527363184","2.35323383084577","1.59203980099502","1.14427860696517","0.845771144278607","0.512437810945274","0.432835820895522","0.283582089552239","0.278606965174129","0.159203980099502","0.0696517412935323","0.0597014925373134","0.0348258706467662","0.0298507462686567","0.00995024875621891","0.00995024875621891","0","0.00995024875621891","0","0.00995024875621891","0.00497512437810945","0","0.00497512437810945","0","0.00497512437810945","0.0149253731343284","0","0.00497512437810945","0.00497512437810945","0.00497512437810945","0","0.00497512437810945","0.00497512437810945","0.00497512437810945","0.00497512437810945","0.00497512437810945","0.00497512437810945","0","0.00497512437810945","0","0.00497512437810945","0","0","0.00497512437810945","0","0","0","0","0.00497512437810945","0","0","0","0","0","0.00497512437810945","0","0","0","0.00497512437810945","0.00497512437810945","0","0","0","0","0.00497512437810945","0","0","0","0","0","0","0","0","0","0","0","0","0","0","0","0","0","0","0","0","0","0"
"F8","134","15.2686567164179","2.48049285396342","0.10490749580022","0.027714629471289","11.5356315073029","46.7985074626866","6.68293233082707","4","16","WT","0.0298507462686567","0.0149253731343284","0.00746268656716418","0.0149253731343284","0.0223880597014925","0.0223880597014925","0.00746268656716418","0.0149253731343284","0","0","0.0298507462686567","0.0149253731343284","0","0.0149253731343284","0.0298507462686567","0.0298507462686567","0.0373134328358209","0.0223880597014925","0.0298507462686567","0","0.0149253731343284","0.00746268656716418","0","0.0373134328358209","0.0149253731343284","0.0223880597014925","0.0223880597014925","0.0223880597014925","0.00746268656716418","0.0223880597014925","0","0.0149253731343284","0.00746268656716418","0.0223880597014925","0.0149253731343284","0.0298507462686567","0.0298507462686567","0.0223880597014925","0.0223880597014925","0.00746268656716418","0.00746268656716418","0.0298507462686567","0.0522388059701493","0.00746268656716418","0.00746268656716418","0.0149253731343284","0.0298507462686567","0.0223880597014925","0","0.0298507462686567","0.00746268656716418","0.00746268656716418","0.0373134328358209","0.0447761194029851","0.0223880597014925","0.0298507462686567","0.00746268656716418","0.0298507462686567","0.00746268656716418","0.0149253731343284","0.0447761194029851","0","0.0223880597014925","0","0.0223880597014925","0.0671641791044776","0.082089552238806","0.134328358208955","0.126865671641791","0.149253731343284","0.171641791044776","0.238805970149254","0.253731343283582","0.246268656716418","0.32089552238806","0.305970149253731","0.335820895522388","0.358208955223881","0.350746268656716","0.455223880597015","0.544776119402985","0.559701492537313","0.582089552238806","0.582089552238806","0.537313432835821","0.477611940298507","0.5","0.440298507462687","0.380597014925373","0.358208955223881","0.343283582089552","0.350746268656716","0.440298507462687","0.619402985074627","1.21641791044776","2.47761194029851","4.78358208955224","8.41044776119403","11.8208955223881","13.4626865671642","15.2686567164179","14.589552238806","14.2611940298507","13.0820895522388","11.5970149253731","10.1194029850746","8.75373134328358","7.72388059701493","6.82089552238806","6.27611940298507","5.82835820895522","5.37313432835821","4.76119402985075","4.58208955223881","3.91791044776119","3.41044776119403","2.97014925373134","2.65671641791045","2.28358208955224","1.78358208955224","1.30597014925373","1.20149253731343","1.08208955223881","0.746268656716418","0.716417910447761","0.5","0.313432835820896","0.276119402985075","0.276119402985075","0.149253731343284","0.186567164179104","0.111940298507463","0.0298507462686567","0.0223880597014925","0.0746268656716418","0.0447761194029851","0.0149253731343284","0","0.0149253731343284","0.0149253731343284","0.0298507462686567","0.0522388059701493","0.0447761194029851","0.0149253731343284","0.0223880597014925","0.0522388059701493","0.0223880597014925","0.0298507462686567","0.0373134328358209","0.0373134328358209","0.0522388059701493","0.0447761194029851","0.0373134328358209","0.0223880597014925","0.0223880597014925","0.0447761194029851","0.0373134328358209","0.0149253731343284","0.0149253731343284","0.0522388059701493","0.0373134328358209","0.0522388059701493","0.0895522388059701","0.149253731343284","0.23134328358209","0.17910447761194","0.208955223880597","0.164179104477612","0.186567164179104","0.194029850746269","0.126865671641791","0.186567164179104","0.0970149253731343","0.111940298507463","0.0597014925373134","0.111940298507463","0.0522388059701493","0.0522388059701493","0.0149253731343284","0.0447761194029851","0.0373134328358209","0.0671641791044776","0.0149253731343284","0.0223880597014925","0.0149253731343284","0.00746268656716418","0.0298507462686567","0","0.0373134328358209","0.0298507462686567","0.00746268656716418","0.0223880597014925","0.00746268656716418","0","0.00746268656716418","0.00746268656716418","0","0.00746268656716418","0.00746268656716418","0","0.0149253731343284"
" "
"Network Spike analysis at electrode level"
"electrode","spikes","ns","spikes.in.ns","percent.of.spikes.in.ns","mean.spikes.per.ns","sd.spikes.per.ns","mean.insis"
"A1_11","1149","97","165","14.3603133159269","1.70103092783505","0.818598248705374","9.15552083333333"
"A1_12","2475","100","224","9.05050505050505","2.24","0.865967083611721","8.87808080808081"
"A1_13","4545","112","349","7.67876787678768","3.11607142857143","1.0547664078042","7.91828828828829"
"A1_14","3901","99","318","8.15175596001025","3.21212121212121","0.9612144451929","8.96867346938775"
"A1_21","2783","107","307","11.0312612288897","2.86915887850467","0.962348857523138","8.29179245283019"
"A1_22","1833","97","195","10.6382978723404","2.01030927835052","0.883822726390224","9.15552083333333"
"A1_23","5320","116","394","7.40601503759398","3.39655172413793","1.16379671274914","7.64286956521739"
"A1_24","2941","101","240","8.16048962937776","2.37623762376238","0.914893274087364","8.7893"
"A1_31","4219","110","294","6.96847594216639","2.67272727272727","1.03258019133768","8.06357798165138"
"A1_32","2578","102","209","8.10705973622964","2.04901960784314","0.788248477942116","8.70227722772277"
"A1_33","2218","101","273","12.3083859332732","2.7029702970297","0.900494913427561","8.7893"
"A1_34","4363","103","379","8.68668347467339","3.67961165048544","0.90978980801331","8.61696078431372"
"A1_41","3656","117","361","9.87417943107221","3.08547008547009","1.19317491255148","7.57698275862069"
"A1_42","2580","108","243","9.41860465116279","2.25","1.06010932252336","8.21429906542056"
"A1_43","2816","106","256","9.09090909090909","2.41509433962264","0.97461029602119","8.3707619047619"
"A1_44","1744","100","209","11.9839449541284","2.09","0.805222850137674","8.87808080808081"
"A2_11","4961","344","579","11.6710340657126","1.68313953488372","0.819695970983407","2.62026239067055"
"A2_12","5042","378","809","16.0452201507338","2.14021164021164","0.979320371534705","2.38395225464191"
"A2_13","2172","253","340","15.6537753222836","1.34387351778656","0.627045870428397","3.56646825396825"
"A2_14","1158","228","277","23.9205526770294","1.21491228070175","0.432538344640337","3.95925110132159"
"A2_21","3375","258","388","11.4962962962963","1.50387596899225","0.795160762520981","3.49708171206226"
"A2_22","1050","142","191","18.1904761904762","1.34507042253521","0.641869771461573","6.3741134751773"
"A2_23","6944","405","1115","16.0570276497696","2.75308641975309","1.10501628720503","2.22462871287129"
"A2_24","900","169","193","21.4444444444444","1.14201183431953","0.350099611474154","5.30809523809524"
"A2_31","3026","259","495","16.3582286847323","1.91119691119691","0.954299793950836","3.48352713178295"
"A2_32","4392","355","738","16.8032786885246","2.07887323943662","1.00252724337889","2.5388418079096"
"A2_33","5642","367","797","14.1261963842609","2.1716621253406","1.0534684920162","2.45560109289617"
"A2_34","1092","116","156","14.2857142857143","1.3448275862069","0.620006287147114","7.79765217391304"
"A2_41","9228","303","529","5.73255309926311","1.74587458745875","0.985713079760202","2.97599337748344"
"A2_42","1942","248","429","22.0906282183316","1.72983870967742","0.802070179641653","3.63866396761134"
"A2_43","4988","368","850","17.0408981555734","2.30978260869565","1.17034751424989","2.44891008174387"
"A2_44","4702","323","713","15.1637601020842","2.20743034055728","1.00480548345114","2.79114906832298"
"A3_11","7680","289","635","8.26822916666667","2.19723183391003","0.900921182632763","3.08756944444444"
"A3_12","4372","241","440","10.064043915828","1.82572614107884","0.776424760052209","3.70508333333333"
"A3_13","5465","248","522","9.55169258920403","2.10483870967742","0.937897971774679","3.60008097165992"
"A3_14","3757","239","422","11.2323662496673","1.76569037656904","0.769368018199359","3.73621848739496"
"A3_21","10557","321","846","8.01364023870418","2.63551401869159","1.08448596721401","2.7788125"
"A3_22","10846","338","958","8.83274940070072","2.83431952662722","1.17934988565423","2.6386350148368"
"A3_23","7385","264","815","11.0358835477319","3.08712121212121","0.980797014540136","3.38106463878327"
"A3_24","5846","253","672","11.4950393431406","2.65612648221344","0.919547429990568","3.52865079365079"
"A3_31","7844","308","633","8.06986231514533","2.05519480519481","0.937912451398095","2.89648208469055"
"A3_32","9442","311","874","9.25651345054014","2.81028938906752","1.19920279158225","2.86845161290323"
"A3_33","7854","297","654","8.32696715049656","2.2020202020202","1.0098815622937","3.00412162162162"
"A3_34","8688","298","783","9.01243093922652","2.62751677852349","1.10043511812941","2.99400673400673"
"A3_41","7122","277","550","7.722549845549","1.985559566787","0.920661069729656","3.2218115942029"
"A3_42","9623","306","829","8.61477709653954","2.70915032679739","1.10900099644439","2.91547540983607"
"A3_43","8248","308","798","9.67507274490786","2.59090909090909","1.09254886138329","2.89648208469055"
"A3_44","3379","265","403","11.9266055045872","1.52075471698113","0.674581377081607","3.36825757575758"
"A4_11","7425","126","264","3.55555555555556","2.0952380952381","0.907114735222145","7.14696"
"A4_12","5834","128","476","8.15906753513884","3.71875","1.01901218185636","7.0344094488189"
"A4_13","3132","123","331","10.5683269476373","2.69105691056911","1.04120108214309","7.32270491803279"
"A4_14","1232","128","193","15.6655844155844","1.5078125","0.698661191587111","7.0344094488189"
"A4_21","2267","119","276","12.1746801940891","2.31932773109244","0.862915565416472","7.57093220338983"
"A4_22","6420","135","494","7.69470404984424","3.65925925925926","1.14711164184232","6.66694029850746"
"A4_23","5670","138","501","8.83597883597884","3.6304347826087","1.15938623931804","6.52094890510949"
"A4_24","3186","132","398","12.4921531701193","3.01515151515152","1.04833454602019","6.81961832061069"
"A4_31","6138","133","458","7.46171391332682","3.44360902255639","1.04020346082773","6.76795454545455"
"A4_32","5512","129","446","8.09143686502177","3.45736434108527","0.960206292434604","6.979453125"
"A4_33","4187","132","457","10.9147360878911","3.46212121212121","1.03676907872488","6.81961832061069"
"A4_34","5415","134","410","7.57156048014774","3.05970149253731","1.1618056599218","6.71706766917293"
"A4_41","974","110","159","16.3244353182752","1.44545454545455","0.629348922873686","8.19605504587156"
"A4_42","3058","125","338","11.0529758011772","2.704","0.861581441678708","7.20459677419355"
"A4_43","3038","120","336","11.0599078341014","2.8","0.884982077395313","7.50731092436975"
"A4_44","6512","143","425","6.52641277641278","2.97202797202797","1.0544610528076","6.29133802816902"
"A5_11","1601","100","200","12.4921923797626","2","0.876171654230361","9.00535353535354"
"A5_12","1215","100","247","20.3292181069959","2.47","0.869865890046659","9.00535353535354"
"A5_13","3495","101","372","10.6437768240343","3.68316831683168","0.799133193770687","8.9153"
"A5_14","3903","105","353","9.04432487829875","3.36190476190476","0.962007211749411","8.57240384615385"
"A5_21","2637","102","227","8.60826697004171","2.22549019607843","0.843224160618899","8.8270297029703"
"A5_22","3134","101","386","12.3165283982131","3.82178217821782","0.804935271981051","8.9153"
"A5_23","3516","105","371","10.551763367463","3.53333333333333","0.910057760916926","8.57240384615385"
"A5_24","4795","106","429","8.94681960375391","4.04716981132075","0.898486298188428","8.49076190476191"
"A5_31","4860","104","395","8.12757201646091","3.79807692307692","0.885479494834841","8.65563106796117"
"A5_32","2894","101","368","12.7159640635798","3.64356435643564","0.76920944372572","8.9153"
"A5_33","2234","100","351","15.7117278424351","3.51","0.627565441877087","9.00535353535354"
"A5_34","2505","101","333","13.2934131736527","3.2970297029703","0.806778215564173","8.9153"
"A5_41","2120","100","298","14.0566037735849","2.98","0.898708388564816","9.00535353535354"
"A5_42","2761","102","340","12.3143788482434","3.33333333333333","0.904699866356141","8.8270297029703"
"A5_43","2687","102","343","12.7651656122069","3.36274509803922","0.909675338519401","8.8270297029703"
"A5_44","2938","102","204","6.94349897889721","2","0.985036562622409","8.8270297029703"
"A6_11","1265","179","258","20.395256916996","1.4413407821229","0.600253121758985","5.04297752808989"
"A6_12","8082","249","776","9.60158376639446","3.11646586345382","1.36727668159433","3.6195564516129"
"A6_13","1531","189","309","20.1828870019595","1.63492063492063","0.721292884006728","4.77473404255319"
"A6_14","3336","265","458","13.7290167865707","1.72830188679245","0.739670626557444","3.40018939393939"
"A6_21","11287","372","833","7.38017187915301","2.23924731182796","1.13947425958978","2.41954177897574"
"A6_22","3807","285","669","17.5728920409771","2.34736842105263","1.02540017319895","3.16073943661972"
"A6_23","13435","364","1110","8.26200223297358","3.04945054945055","1.24106713402488","2.4728650137741"
"A6_24","1952","182","295","15.1127049180328","1.62087912087912","0.73897292970201","4.95939226519337"
"A6_31","3111","240","512","16.4577306332369","2.13333333333333","1.01810664650326","3.75585774058577"
"A6_32","8903","350","1009","11.3332584522071","2.88285714285714","1.1971756912391","2.57206303724928"
"A6_33","10583","329","1044","9.86487763394123","3.17325227963526","1.3333487779272","2.73673780487805"
"A6_34","2211","241","485","21.9357756671189","2.01244813278008","0.901301502461995","3.74020833333333"
"A6_41","10339","350","802","7.75703646387465","2.29142857142857","1.19006667809906","2.57206303724928"
"A6_42","23349","379","942","4.03443402287036","2.48548812664908","1.25216234631349","2.37473544973545"
"A6_43","3356","280","693","20.6495828367104","2.475","1.16984972842531","3.2173835125448"
"A6_44","13624","369","1099","8.06664709336465","2.97831978319783","1.35917430004235","2.43926630434783"
"A7_11","3477","95","317","9.117054932413","3.33684210526316","1.1541831994024","9.4763829787234"
"A7_12","564","95","188","33.3333333333333","1.97894736842105","0.729017808620307","9.4763829787234"
"A7_13","3658","95","323","8.82996172772007","3.4","0.949804011138334","9.4763829787234"
"A7_14","1906","95","285","14.9527806925498","3","1.16691993198316","9.4763829787234"
"A7_21","563","95","198","35.1687388987567","2.08421052631579","0.895178074460272","9.4763829787234"
"A7_22","3642","100","374","10.2690829214717","3.74","0.960008417471515","8.99848484848485"
"A7_23","6205","100","399","6.43029814665592","3.99","0.989796428411908","8.99777777777778"
"A7_24","6375","103","398","6.24313725490196","3.86407766990291","1.076017928356","8.73382352941177"
"A7_31","3055","100","338","11.063829787234","3.38","0.951129047315066","8.99777777777778"
"A7_32","8281","108","419","5.05977538944572","3.87962962962963","1.16585047848311","8.32570093457944"
"A7_33","8922","108","415","4.65142344765748","3.84259259259259","1.14518118418769","8.32504672897196"
"A7_34","4759","96","383","8.04790922462702","3.98958333333333","0.672697502466422","9.37736842105263"
"A7_41","1915","95","335","17.4934725848564","3.52631578947368","0.712235098395423","9.4763829787234"
"A7_42","7092","99","402","5.66835871404399","4.06060606060606","0.842956190526274","9.08959183673469"
"A7_43","5474","100","403","7.36207526488856","4.03","0.869865890046659","8.99777777777778"
"A7_44","4455","98","376","8.43995510662177","3.83673469387755","0.845776377929969","9.18329896907217"
"A8_11","1343","104","163","12.1370067014147","1.56730769230769","0.72090050317241","8.63291262135922"
"A8_12","369","109","149","40.3794037940379","1.36697247706422","0.521048630322929","8.23324074074074"
"A8_13","1809","109","269","14.8700939745716","2.46788990825688","0.918622230616263","8.23324074074074"
"A8_14","2235","109","334","14.9440715883669","3.06422018348624","0.784989140734021","8.23324074074074"
"A8_21","1049","108","248","23.6415633937083","2.2962962962963","0.87818056665455","8.31018691588785"
"A8_22","4484","109","379","8.45227475468332","3.47706422018349","0.776939988568989","8.23324074074074"
"A8_23","1969","108","374","18.9944134078212","3.46296296296296","0.869266808098737","8.31018691588785"
"A8_24","1855","109","341","18.3827493261456","3.12844036697248","0.861747980594746","8.23324074074074"
"A8_31","3204","108","391","12.2034956304619","3.62037037037037","0.745297940707132","8.31018691588785"
"A8_32","3108","110","371","11.9369369369369","3.37272727272727","0.81115039962328","8.15770642201835"
"A8_33","5506","112","466","8.46349436977842","4.16071428571429","0.789041743247385","8.01072072072072"
"A8_34","4185","111","427","10.2031063321386","3.84684684684685","0.822393382956646","8.08354545454545"
"A8_41","3010","108","421","13.9867109634551","3.89814814814815","0.610497189975926","8.31018691588785"
"A8_42","2420","110","316","13.0578512396694","2.87272727272727","0.767566043646712","8.15770642201835"
"A8_43","3985","112","424","10.6398996235885","3.78571428571429","0.821211711064007","8.01072072072072"
"A8_44","3530","110","480","13.5977337110482","4.36363636363636","0.713272246584797","8.15770642201835"
"B1_11","1352","164","269","19.896449704142","1.64024390243902","0.750355295164229","5.42932515337423"
"B1_12","8391","247","793","9.45060183529973","3.21052631578947","1.12085302804762","3.61735772357724"
"B1_13","5731","225","665","11.6035595882045","2.95555555555556","1.16794148037789","3.97263392857143"
"B1_14","4986","204","227","4.55274769354192","1.11274509803922","0.317059012588409","4.35950738916256"
"B1_21","5637","231","605","10.732659215895","2.61904761904762","1.18775672826916","3.84773913043478"
"B1_22","5320","226","686","12.8947368421053","3.0353982300885","1.21420630529539","3.93324444444444"
"B1_23","7735","221","543","7.02003878474467","2.45701357466063","1.08887270513899","4.04486363636364"
"B1_24","2455","197","394","16.0488798370672","2","0.886405260427918","4.51520408163265"
"B1_31","2490","182","369","14.8192771084337","2.02747252747253","0.988504751069766","4.88939226519337"
"B1_32","8351","245","864","10.3460663393606","3.5265306122449","1.14354487504041","3.62696721311475"
"B1_33","2296","197","336","14.6341463414634","1.70558375634518","0.847938249424354","4.51520408163265"
"B1_34","4844","206","406","8.38150289017341","1.97087378640777","1.00686725629415","4.3169756097561"
"B1_41","428","94","117","27.3364485981308","1.24468085106383","0.479385139634609","9.51591397849462"
"B1_42","2600","144","378","14.5384615384615","2.625","1.1818854203573","6.18867132867133"
"B1_43","8012","232","692","8.63704443334998","2.98275862068966","1.31907588418447","3.85225108225108"
"B1_44","8242","250","703","8.52948313516137","2.812","1.14450669824572","3.55413654618474"
"B2_11","2984","181","340","11.3941018766756","1.87845303867403","0.834419182062285","4.96788888888889"
"B2_12","7713","186","561","7.27343446129911","3.01612903225806","1.09285545371753","4.83362162162162"
"B2_13","8429","191","632","7.4979238343813","3.30890052356021","0.975421283100815","4.70642105263158"
"B2_14","5448","180","483","8.86563876651982","2.68333333333333","1.01648424653985","4.99564245810056"
"B2_21","5591","190","569","10.17707029154","2.99473684210526","0.994680924729996","4.73132275132275"
"B2_22","6303","187","557","8.83706171664287","2.97860962566845","0.972510437522212","4.80763440860215"
"B2_23","3563","177","391","10.9738984002245","2.2090395480226","0.933181072032537","5.08079545454545"
"B2_24","6278","186","572","9.11118190506531","3.0752688172043","1.02125052266787","4.83362162162162"
"B2_31","8301","184","548","6.60161426334177","2.97826086956522","0.969234511422583","4.88644808743169"
"B2_32","5163","181","547","10.5946155336045","3.02209944751381","0.960068291002563","4.96788888888889"
"B2_33","3432","177","421","12.2668997668998","2.37853107344633","0.934315555509803","5.08079545454545"
"B2_34","4305","177","448","10.4065040650407","2.53107344632768","0.965540051559694","5.08079545454545"
"B2_41","5983","179","356","5.95019221126525","1.98882681564246","0.95393229222691","5.02370786516854"
"B2_42","7125","183","541","7.59298245614035","2.95628415300546","0.965476233976718","4.9132967032967"
"B2_43","7383","187","646","8.74983069213057","3.45454545454545","0.973751299538483","4.80763440860215"
"B2_44","5608","175","355","6.330242510699","2.02857142857143","0.860556966320319","5.13919540229885"
"B3_11","964","74","123","12.7593360995851","1.66216216216216","0.798577966052003","12.2180821917808"
"B3_12","1361","94","198","14.5481263776635","2.1063829787234","1.05206489339879","9.60795698924731"
"B3_13","2943","110","245","8.32483860006796","2.22727272727273","1.13863825726205","8.20330275229358"
"B3_14","1821","80","107","5.87589236683141","1.3375","0.526362006631668","11.2901265822785"
"B3_21","1450","96","219","15.1034482758621","2.28125","0.980903182088619","9.38863157894737"
"B3_22","1627","101","206","12.6613398893669","2.03960396039604","0.968718659665518","8.9416"
"B3_23","9428","156","337","3.57445905812473","2.16025641025641","1.25722066670786","5.76877419354839"
"B3_31","5330","150","359","6.73545966228893","2.39333333333333","1.34062324816195","6.00107382550336"
"B3_32","4273","166","464","10.8588813479991","2.79518072289157","1.30972156323468","5.41915151515151"
"B3_34","3738","137","347","9.28303905831996","2.53284671532847","1.30638193052027","6.57014705882353"
"B3_41","1218","89","168","13.7931034482759","1.8876404494382","0.884695662196264","10.1354545454545"
"B3_42","1501","101","166","11.0592938041306","1.64356435643564","0.782101763402201","8.9192"
"B3_43","3470","133","318","9.164265129683","2.39097744360902","1.22989643852129","6.76924242424242"
"B3_44","2672","111","176","6.58682634730539","1.58558558558559","0.666994186542315","8.12872727272727"
"B4_11","2917","103","205","7.02776825505657","1.99029126213592","0.954813867818122","8.75313725490196"
"B4_12","3547","102","307","8.65520157879899","3.00980392156863","1.11244177099112","8.83980198019802"
"B4_13","2262","103","271","11.9805481874447","2.63106796116505","1.01932591395756","8.75313725490196"
"B4_14","4913","109","332","6.75758192550377","3.04587155963303","0.97548963110192","8.26685185185185"
"B4_21","2006","102","191","9.52143569292124","1.87254901960784","0.840456837436099","8.83980198019802"
"B4_22","5723","128","386","6.74471431067622","3.015625","1.15686499392679","7.03007874015748"
"B4_23","3425","136","344","10.043795620438","2.52941176470588","1.09504727765746","6.61348148148148"
"B4_24","3246","121","368","11.3370301910043","3.04132231404959","1.22063299299227","7.44016666666667"
"B4_31","4302","111","336","7.81032078103208","3.02702702702703","1.09095004018149","8.11654545454546"
"B4_32","5692","149","390","6.85172171468728","2.61744966442953","1.18320062631465","6.03256756756757"
"B4_33","2141","108","261","12.1905651564689","2.41666666666667","0.866025403784439","8.34411214953271"
"B4_34","1586","126","213","13.4300126103405","1.69047619047619","0.720713931756957","7.14256"
"B4_41","5760","121","332","5.76388888888889","2.74380165289256","1.13672721456407","7.44016666666667"
"B4_42","3854","147","337","8.7441619097042","2.29251700680272","1.00144337172083","6.11520547945206"
"B4_43","3177","117","281","8.84482215926975","2.4017094017094","1.02603882648043","7.69672413793104"
"B4_44","3965","145","413","10.4161412358134","2.84827586206897","1.08864744371398","6.20013888888889"
"B5_11","1024","112","184","17.96875","1.64285714285714","0.792500238521496","8.02009009009009"
"B5_12","8005","314","640","7.99500312304809","2.03821656050955","1.20904657242538","2.85821086261981"
"B5_13","3048","216","469","15.3871391076115","2.1712962962963","1.18647815185254","4.1606976744186"
"B5_14","5919","235","676","11.4208481162359","2.87659574468085","1.39507876902227","3.82316239316239"
"B5_21","4398","218","546","12.4147339699864","2.5045871559633","1.18845330465517","4.10244239631336"
"B5_22","9886","377","951","9.61966417155574","2.52254641909814","1.3742099813975","2.3793085106383"
"B5_23","4556","342","685","15.0351185250219","2.00292397660819","1.13204079077335","2.62263929618768"
"B5_24","5161","360","728","14.1057934508816","2.02222222222222","1.15368155068726","2.4916991643454"
"B5_31","3529","225","485","13.7432700481723","2.15555555555556","1.12113533725614","3.99383928571429"
"B5_32","7450","341","752","10.0939597315436","2.20527859237537","1.28753126579253","2.63102941176471"
"B5_33","3414","220","542","15.875805506737","2.46363636363636","1.11180689436662","4.08456621004566"
"B5_34","3130","176","418","13.3546325878594","2.375","1.02886900457319","5.08702857142857"
"B5_41","684","98","121","17.6900584795322","1.23469387755102","0.449536311118107","9.17762886597938"
"B5_42","1309","206","266","20.3208556149733","1.29126213592233","0.60293700615287","4.36253658536585"
"B5_43","2584","173","410","15.8668730650155","2.36994219653179","1.01821691908638","5.17575581395349"
"B5_44","453","102","130","28.6975717439294","1.27450980392157","0.529465688920931","8.81415841584158"
"B6_11","2222","64","182","8.19081908190819","2.84375","1.01134438264988","14.1095238095238"
"B6_12","839","62","156","18.5935637663886","2.51612903225806","1.18379682965339","14.4981967213115"
"B6_13","2644","70","203","7.67776096822996","2.9","1.21762420132493","12.8172463768116"
"B6_14","2447","108","244","9.97139354311402","2.25925925925926","1.38328047291064","8.30747663551402"
"B6_21","1935","66","186","9.61240310077519","2.81818181818182","0.959312107856312","13.5869230769231"
"B6_22","3859","112","282","7.30759264058046","2.51785714285714","1.50064336267166","8.00810810810811"
"B6_23","5183","102","272","5.24792591163419","2.66666666666667","1.5112340595812","8.8009900990099"
"B6_24","5414","99","243","4.48836350203177","2.45454545454545","1.34219381240403","9.01173469387755"
"B6_31","2429","113","270","11.1156854672705","2.38938053097345","1.41063326912941","7.88526785714286"
"B6_32","2835","98","253","8.92416225749559","2.58163265306122","1.43536675429493","9.10463917525773"
"B6_33","3514","103","275","7.82583949914627","2.66990291262136","1.5235944954482","8.65833333333333"
"B6_34","1768","71","208","11.7647058823529","2.92957746478873","1.13796740678874","12.6164285714286"
"B6_41","3751","102","259","6.90482537989869","2.53921568627451","1.31760034376518","8.74405940594059"
"B6_42","4274","106","285","6.66822648572766","2.68867924528302","1.4233642745416","8.41095238095238"
"B6_43","3330","90","259","7.77777777777778","2.87777777777778","1.46745807725106","9.92303370786517"
"B6_44","3299","62","246","7.45680509245226","3.96774193548387","0.867779188040479","14.477868852459"
"B7_11","2287","91","286","12.5054656755575","3.14285714285714","0.972641632890422","9.73811111111111"
"B7_12","3095","91","313","10.1130856219709","3.43956043956044","0.791746188410167","9.73811111111111"
"B7_13","3747","102","317","8.4601014144649","3.1078431372549","1.10719396232095","8.67752475247525"
"B7_14","4522","97","327","7.2313135780628","3.37113402061856","1.02387730821033","9.12947916666667"
"B7_21","4158","91","308","7.40740740740741","3.38461538461538","0.903932529060669","9.73811111111111"
"B7_22","1318","91","231","17.5265553869499","2.53846153846154","0.922649473680038","9.73811111111111"
"B7_23","6087","98","336","5.5199605717102","3.42857142857143","1.03545398181359","9.03536082474227"
"B7_24","5863","100","315","5.37267610438342","3.15","1.18385605185561","8.85282828282828"
"B7_31","3205","91","266","8.29953198127925","2.92307692307692","1.00256082365521","9.73811111111111"
"B7_32","4958","93","354","7.13997579669221","3.80645161290323","0.741004965601637","9.52641304347826"
"B7_33","5400","97","370","6.85185185185185","3.81443298969072","0.939080855003272","9.12947916666667"
"B7_34","5050","99","324","6.41584158415842","3.27272727272727","1.15897722167912","8.94316326530612"
"B7_41","2657","92","271","10.1994730899511","2.94565217391304","0.930132100210167","9.6310989010989"
"B7_42","4190","91","269","6.4200477326969","2.95604395604396","1.08435426675242","9.73811111111111"
"B7_43","3939","93","320","8.12388931200812","3.44086021505376","0.9607782804377","9.52641304347826"
"B7_44","1817","91","288","15.8503026967529","3.16483516483516","0.991785553251601","9.73811111111111"
"B8_11","1669","79","267","15.9976033553026","3.37974683544304","0.895913764570871","11.2357692307692"
"B8_12","4103","165","438","10.6751157689495","2.65454545454545","1.52481324508036","5.34615853658537"
"B8_13","520","79","199","38.2692307692308","2.51898734177215","0.798408023276687","11.2357692307692"
"B8_14","783","84","192","24.5210727969349","2.28571428571429","0.98874910106341","10.5589156626506"
"B8_21","1798","80","280","15.5728587319244","3.5","0.746298884708034","11.0935443037975"
"B8_22","1105","79","292","26.4253393665158","3.69620253164557","0.773842069287162","11.2357692307692"
"B8_23","4413","160","430","9.74393836392477","2.6875","1.51382517704875","5.51427672955975"
"B8_24","4534","171","522","11.5130127922364","3.05263157894737","1.32070906933376","5.15747058823529"
"B8_31","3534","82","302","8.54555744199208","3.68292682926829","0.858911869471029","10.8196296296296"
"B8_32","3218","135","381","11.8396519577377","2.82222222222222","1.52524363929307","6.54022388059701"
"B8_33","3570","166","481","13.4733893557423","2.89759036144578","1.42117969807114","5.31351515151515"
"B8_34","1566","121","349","22.2860791826309","2.88429752066116","1.43869201385974","7.30641666666667"
"B8_41","683","79","162","23.7188872620791","2.0506329113924","0.845784936251606","11.2357692307692"
"B8_42","939","79","194","20.6602768903088","2.45569620253165","1.04755476393692","11.2357692307692"
"B8_43","5500","174","501","9.10909090909091","2.87931034482759","1.51383889240127","5.06803468208093"
"B8_44","3447","97","356","10.3278212938787","3.6701030927835","1.32854595865599","9.1290625"
"C1_11","1481","96","306","20.6617150573937","3.1875","1.14535675894594","9.37652631578947"
"C1_12","3825","97","389","10.1699346405229","4.01030927835052","0.68457476705167","9.27885416666667"
"C1_13","2113","97","342","16.1855182205395","3.52577319587629","0.890842105177673","9.27885416666667"
"C1_14","1998","96","280","14.014014014014","2.91666666666667","1.07278944485041","9.37652631578947"
"C1_21","4467","96","371","8.30535034698903","3.86458333333333","0.719938472029917","9.37652631578947"
"C1_22","3000","96","314","10.4666666666667","3.27083333333333","0.732395732355077","9.37652631578947"
"C1_23","5187","97","378","7.28744939271255","3.89690721649485","0.699472064048937","9.27885416666667"
"C1_24","2396","96","369","15.4006677796327","3.84375","0.785769820320376","9.37652631578947"
"C1_31","1846","96","298","16.1430119176598","3.10416666666667","0.967679445256501","9.37652631578947"
"C1_32","5180","97","403","7.77992277992278","4.15463917525773","0.726581696851299","9.27885416666667"
"C1_33","2998","96","377","12.5750500333556","3.92708333333333","0.566518298430104","9.37652631578947"
"C1_34","1506","96","236","15.6706507304117","2.45833333333333","0.95053078431465","9.37652631578947"
"C1_41","880","96","189","21.4772727272727","1.96875","0.851662460936503","9.37652631578947"
"C1_42","1688","96","302","17.8909952606635","3.14583333333333","0.973103193171929","9.37652631578947"
"C1_43","4431","96","359","8.10200857594223","3.73958333333333","0.71443450831176","9.37652631578947"
"C1_44","2497","96","321","12.8554265118142","3.34375","0.938398692061726","9.37652631578947"
"C2_11","4841","157","431","8.90311919024995","2.74522292993631","1.05553764765862","5.75012820512821"
"C2_12","5002","158","485","9.69612155137945","3.06962025316456","1.15718243697934","5.71216560509554"
"C2_13","2698","134","293","10.8598962194218","2.1865671641791","0.935256873948054","6.74293233082707"
"C2_14","2715","130","289","10.6445672191529","2.22307692307692","0.942250189914314","6.95364341085271"
"C2_21","3030","140","321","10.5940594059406","2.29285714285714","1.02132956491254","6.45187050359712"
"C2_22","6679","172","563","8.42940559964067","3.27325581395349","1.30710379535726","5.24450292397661"
"C2_23","4408","145","479","10.8666061705989","3.30344827586207","1.15062868039748","6.22784722222222"
"C2_24","4294","149","433","10.0838379133675","2.90604026845638","1.09261824073604","6.06094594594595"
"C2_31","5231","157","495","9.46281781686102","3.15286624203822","1.18302960220209","5.74878205128205"
"C2_32","4434","158","478","10.7803337843933","3.0253164556962","1.2153443960988","5.71350318471338"
"C2_33","20648","195","619","2.99786904300659","3.17435897435897","1.4216147978126","4.62273195876289"
"C2_34","5560","159","521","9.3705035971223","3.27672955974843","1.17415172550247","5.67601265822785"
"C2_41","5412","167","466","8.61049519586105","2.79041916167665","1.20156692541744","5.40246987951807"
"C2_42","3213","141","417","12.9785247432306","2.95744680851064","1.15184535436175","6.40578571428571"
"C2_43","20253","192","497","2.45395743840419","2.58854166666667","1.26676152969843","4.69534031413613"
"C2_44","3281","142","338","10.301737275221","2.38028169014085","0.994541088555667","6.36035460992908"
"C3_11","5102","288","478","9.36887495099961","1.65972222222222","0.840301874116573","3.1319512195122"
"C3_12","8145","346","649","7.96807857581338","1.8757225433526","0.95349254173407","2.59698550724638"
"C3_13","10524","385","890","8.45686050931205","2.31168831168831","1.11406421236124","2.34096354166667"
"C3_14","11266","333","710","6.30214805609799","2.13213213213213","1.07292274251419","2.69867469879518"
"C3_21","4894","254","459","9.37883122190437","1.80708661417323","0.813782570174439","3.55284584980237"
"C3_22","6635","322","514","7.74679728711379","1.59627329192547","0.80014704246459","2.80021806853583"
"C3_23","10395","436","899","8.64838864838865","2.06192660550459","1.17769303188882","2.06650574712644"
"C3_24","10660","354","658","6.17260787992495","1.85875706214689","0.988514570940316","2.53796033994334"
"C3_31","7008","305","451","6.43550228310502","1.47868852459016","0.688513548126257","2.94703947368421"
"C3_32","4943","262","391","7.9101760064738","1.49236641221374","0.709769626497891","3.4327969348659"
"C3_33","15974","423","765","4.78903217728809","1.80851063829787","1.00412580368492","2.12298578199052"
"C3_34","6092","239","360","5.90938936309915","1.50627615062761","0.703355062247","3.76428571428571"
"C3_41","6186","251","423","6.8380213385063","1.68525896414343","0.800338573773202","3.5836"
"C3_42","7621","272","500","6.56081879018502","1.83823529411765","0.894597051969095","3.30590405904059"
"C3_43","3143","194","263","8.36780146356984","1.35567010309278","0.559694415543574","4.6419689119171"
"C4_11","5264","339","616","11.7021276595745","1.81710914454277","1.12615590447696","2.64139053254438"
"C4_12","10275","336","563","5.47931873479319","1.67559523809524","1.10580541452067","2.66994029850746"
"C4_13","3075","386","526","17.1056910569106","1.36269430051813","0.67076772825333","2.32319480519481"
"C4_14","5756","433","689","11.9701181375956","1.59122401847575","0.885383693856908","2.06928240740741"
"C4_21","3103","96","187","6.02642603931679","1.94791666666667","0.944455194297267","9.39778947368421"
"C4_22","1337","167","229","17.1278982797307","1.37125748502994","0.67208556867063","5.37825301204819"
"C4_23","5620","542","810","14.4128113879004","1.49446494464945","0.751441491916966","1.66212569316081"
"C4_24","3452","217","419","12.1378910776362","1.93087557603687","1.08858371639261","4.13328703703704"
"C4_31","3734","380","610","16.336368505624","1.60526315789474","0.959316865676302","2.35564643799472"
"C4_32","7288","498","847","11.6218441273326","1.70080321285141","1.09362491290684","1.79635814889336"
"C4_33","5169","512","880","17.0245695492358","1.71875","1.02750814796242","1.75970645792564"
"C4_34","7409","568","1182","15.9535699824538","2.08098591549296","1.16857338361256","1.58456790123457"
"C4_41","1072","154","218","20.3358208955224","1.41558441558442","0.673507050987141","5.83522875816993"
"C4_42","4681","300","516","11.0232856227302","1.72","1.01572913988855","2.98591973244147"
"C4_43","3550","356","676","19.0422535211268","1.89887640449438","1.19666149515094","2.53084507042254"
"C4_44","6763","495","933","13.7956528167973","1.88484848484848","1.14922642846363","1.81872469635628"
"C5_11","6319","245","659","10.4288653267922","2.68979591836735","0.992646094867352","3.66786885245902"
"C5_12","10608","424","934","8.80467571644042","2.20283018867925","1.25718418127918","2.11574468085106"
"C5_13","8833","337","845","9.56639873202762","2.50741839762611","1.24431021004699","2.66357142857143"
"C5_14","13161","445","1046","7.94772433705645","2.35056179775281","1.35010206450229","2.01567567567568"
"C5_21","7714","301","722","9.35960591133005","2.39867109634551","1.12865623410989","2.9832"
"C5_22","7569","298","867","11.4546175188268","2.90939597315436","1.34909084148162","3.01333333333333"
"C5_23","4421","295","612","13.8430219407374","2.07457627118644","0.976526055038841","3.04408163265306"
"C5_24","4904","256","669","13.641924959217","2.61328125","1.04170833250003","3.50964705882353"
"C5_31","7482","266","761","10.1710772520716","2.8609022556391","1.19409456257545","3.37720754716981"
"C5_32","5769","258","720","12.4804992199688","2.7906976744186","1.08167918605795","3.48233463035019"
"C5_33","4141","240","624","15.0688239555663","2.6","1.02602127915164","3.74460251046025"
"C5_34","6018","318","717","11.9142572283151","2.25471698113208","1.08090382283614","2.82321766561514"
"C5_41","567","167","196","34.5679012345679","1.17365269461078","0.395487131805092","5.36771084337349"
"C5_42","3113","221","465","14.9373594603277","2.10407239819005","0.880615319074806","4.068"
"C5_43","8116","348","798","9.8324297683588","2.29310344827586","1.18114808637517","2.57913544668588"
"C5_44","10339","292","861","8.32769126607989","2.9486301369863","1.27388446186513","3.07546391752577"
"C6_11","4757","145","531","11.1624973722935","3.66206896551724","0.679263179800694","6.20847222222222"
"C6_12","4750","149","555","11.6842105263158","3.7248322147651","0.752105696305151","6.04067567567568"
"C6_13","2655","145","556","20.9416195856874","3.83448275862069","0.623763143965813","6.20847222222222"
"C6_14","4578","149","582","12.7129750982962","3.90604026845638","0.691084946857404","6.04067567567568"
"C6_21","4289","145","568","13.2431802284915","3.91724137931034","0.702213249857806","6.20847222222222"
"C6_22","4517","146","594","13.1503210095196","4.06849315068493","0.691400719644677","6.16565517241379"
"C6_23","6424","152","644","10.0249066002491","4.23684210526316","0.859206796571704","5.92066225165563"
"C6_24","4217","148","601","14.2518377993834","4.06081081081081","0.711674764739263","6.08176870748299"
"C6_31","5158","147","531","10.294687863513","3.61224489795918","0.806217105875324","6.12342465753425"
"C6_32","6874","147","592","8.61216176898458","4.02721088435374","0.681914892766399","6.12342465753425"
"C6_33","4261","147","564","13.2363295001173","3.83673469387755","0.6414967122833","6.12342465753425"
"C6_34","7341","151","620","8.44571584252827","4.10596026490066","0.817739305490405","5.96013333333333"
"C6_41","512","145","270","52.734375","1.86206896551724","0.769385483999085","6.20847222222222"
"C6_42","1320","145","400","30.3030303030303","2.75862068965517","1.08189559768546","6.20847222222222"
"C6_43","5207","151","587","11.2732859612061","3.88741721854305","0.875922723818457","5.96013333333333"
"C6_44","5229","147","573","10.9581181870339","3.89795918367347","0.84183991155016","6.12342465753425"
"C7_11","2982","111","417","13.9839034205231","3.75675675675676","0.716255619888677","8.10645454545454"
"C7_12","3125","111","435","13.92","3.91891891891892","0.58984027321941","8.10645454545454"
"C7_13","5327","112","479","8.99192791439835","4.27678571428571","0.588322112981408","8.03342342342342"
"C7_14","2252","111","441","19.582593250444","3.97297297297297","0.680367006033702","8.10645454545454"
"C7_21","3607","111","463","12.836151926809","4.17117117117117","0.64489426721643","8.10645454545454"
"C7_22","1391","111","373","26.8152408339324","3.36036036036036","0.710861101287379","8.10645454545454"
"C7_23","5019","111","479","9.54373381151624","4.31531531531532","0.504200212433369","8.10645454545454"
"C7_24","3061","111","435","14.2110421430905","3.91891891891892","0.541632803074272","8.10645454545454"
"C7_31","2435","111","409","16.7967145790554","3.68468468468468","0.632196488184172","8.10645454545454"
"C7_32","1479","111","387","26.1663286004057","3.48648648648649","0.749119056745562","8.10645454545454"
"C7_33","3024","111","466","15.4100529100529","4.1981981981982","0.501267843841445","8.10645454545454"
"C7_34","4810","111","482","10.02079002079","4.34234234234234","0.530788358704561","8.10645454545454"
"C7_41","478","111","229","47.907949790795","2.06306306306306","0.887071579353091","8.10645454545454"
"C7_42","4796","112","476","9.92493744787323","4.25","0.622404520699671","8.03342342342342"
"C7_43","4316","112","453","10.4958294717331","4.04464285714286","0.6628955437552","8.03342342342342"
"C7_44","3952","112","470","11.8927125506073","4.19642857142857","0.641497203048198","8.03342342342342"
"C8_11","1416","82","145","10.2401129943503","1.76829268292683","0.920262717290388","11.0516049382716"
"C8_12","15591","129","324","2.07812199345776","2.51162790697674","1.34115318307236","6.99359375"
"C8_13","2840","85","250","8.80281690140845","2.94117647058824","1.26634965810499","10.6569047619048"
"C8_14","3054","75","171","5.5992141453831","2.28","0.994036271022395","12.097027027027"
"C8_21","6780","130","299","4.41002949852507","2.3","1.3390381831053","6.93937984496124"
"C8_22","1700","98","231","13.5882352941176","2.35714285714286","1.22052886965015","9.21030927835052"
"C8_23","876","89","161","18.37899543379","1.80898876404494","0.85115435645286","10.1522727272727"
"C8_24","1162","63","99","8.5197934595525","1.57142857142857","0.688951651337149","14.4096774193548"
"C8_31","6543","139","386","5.89943451016353","2.77697841726619","1.40415101724884","6.4868115942029"
"C8_32","3222","119","345","10.707635009311","2.89915966386555","1.54258729381425","7.58627118644068"
"C8_33","1702","96","261","15.3349001175088","2.71875","1.24565032687432","9.42294736842105"
"C8_34","6735","128","359","5.33036377134373","2.8046875","1.37502236918096","7.04866141732284"
"C8_41","1142","70","138","12.0840630472855","1.97142857142857","0.779658575803548","12.9478260869565"
"C8_42","1893","87","234","12.3613312202853","2.68965517241379","1.17444043902941","10.4090697674419"
"C8_43","3613","3","6","0.166066980348741","2","1","167.725"
"C8_44","6158","113","322","5.22897044494966","2.84955752212389","1.46519890737726","7.99267857142857"
"D1_11","4072","276","524","12.8683693516699","1.89855072463768","0.981945046212511","3.26432727272727"
"D1_12","2287","253","444","19.4140795802361","1.75494071146245","0.957025658773204","3.5622619047619"
"D1_13","3332","231","537","16.1164465786315","2.32467532467532","1.17704373722687","3.903"
"D1_14","4335","290","669","15.4325259515571","2.30689655172414","1.11561146964306","3.1061937716263"
"D1_21","12579","317","1004","7.98155656252484","3.16719242902208","1.05862760641144","2.84079113924051"
"D1_22","6608","308","935","14.1495157384988","3.03571428571429","0.999359962695901","2.92407166123779"
"D1_23","5239","298","621","11.8534071387669","2.08389261744966","1.06821649491695","3.02252525252525"
"D1_31","5801","302","635","10.9463885536976","2.10264900662252","0.994700042926349","2.98235880398671"
"D1_32","20278","316","1059","5.22240852155045","3.35126582278481","1.12406503465315","2.84980952380952"
"D1_33","5750","308","837","14.5565217391304","2.71753246753247","0.972630880427574","2.92407166123779"
"D1_34","368","91","122","33.1521739130435","1.34065934065934","0.562134428758029","9.97433333333333"
"D1_41","2211","247","426","19.2672998643148","1.7246963562753","0.998534194460557","3.64914634146341"
"D1_42","5140","289","832","16.1867704280156","2.87889273356401","1.16183709545298","3.11697916666667"
"D1_43","4882","281","683","13.9901679639492","2.43060498220641","1.18757976747583","3.20603571428571"
"D1_44","1882","160","284","15.0903294367694","1.775","0.903870085839482","5.64584905660377"
"D2_11","9204","176","592","6.43198609300304","3.36363636363636","0.981914377201925","5.10062857142857"
"D2_12","7502","175","411","5.47853905625167","2.34857142857143","0.876700786639276","5.12994252873563"
"D2_13","5129","170","285","5.55663872099825","1.67647058823529","0.7183391526174","5.28171597633136"
"D2_14","4180","161","478","11.4354066985646","2.96894409937888","0.847218686707033","5.5788125"
"D2_21","9011","179","532","5.90389523915215","2.97206703910615","0.95652794174853","5.01466292134831"
"D2_22","12419","200","647","5.20975923987439","3.235","1.17331082474223","4.48547738693467"
"D2_23","5876","198","352","5.99046970728387","1.77777777777778","0.813035367460878","4.5310152284264"
"D2_24","6177","187","508","8.22405698559171","2.71657754010695","1.01594441900312","4.79897849462366"
"D2_31","2602","156","268","10.2997694081476","1.71794871794872","0.707516071126","5.75877419354839"
"D2_32","7130","167","434","6.08695652173913","2.59880239520958","0.86470191423181","5.37716867469879"
"D2_33","6859","173","545","7.94576468873014","3.15028901734104","0.988575688921955","5.18959302325581"
"D2_34","8771","195","432","4.92532208414092","2.21538461538462","0.944200545909668","4.6010824742268"
"D2_41","3107","159","332","10.6855487608626","2.08805031446541","0.806489876875752","5.64943037974684"
"D2_42","8651","185","468","5.40977921627557","2.52972972972973","1.02704326166895","4.85114130434783"
"D2_43","4690","162","353","7.52665245202559","2.17901234567901","0.925177981786901","5.54416149068323"
"D2_44","14495","184","568","3.91859261814419","3.08695652173913","1.1370768189038","4.87765027322404"
"D3_11","5427","190","536","9.87654320987654","2.82105263157895","0.981079713694391","4.74597883597884"
"D3_12","6238","231","713","11.4299454953511","3.08658008658009","1.23757897994501","3.89995652173913"
"D3_13","7393","309","869","11.7543622345462","2.81229773462783","1.3497393550796","2.9123051948052"
"D3_14","7907","275","677","8.56203364107753","2.46181818181818","1.25615142008405","3.27368613138686"
"D3_21","4245","208","575","13.545347467609","2.76442307692308","1.15774378860117","4.33328502415459"
"D3_22","5065","284","709","13.9980256663376","2.49647887323944","1.30640779956899","3.16957597173145"
"D3_23","7735","250","792","10.2391725921138","3.168","1.38399340713893","3.60236947791165"
"D3_24","6176","260","775","12.5485751295337","2.98076923076923","1.3483922159971","3.46328185328185"
"D3_31","6146","273","740","12.0403514480963","2.71062271062271","1.3006491509039","3.29775735294118"
"D3_32","7329","244","752","10.2606085414108","3.08196721311475","1.39127299930365","3.69131687242798"
"D3_33","8235","282","764","9.27747419550698","2.70921985815603","1.40177318867455","3.19213523131673"
"D3_34","8005","263","766","9.56901936289819","2.91254752851711","1.32933518532617","3.42362595419847"
"D3_41","1262","164","224","17.7496038034865","1.36585365853659","0.59676418094189","5.50300613496933"
"D3_42","4479","175","454","10.136191114088","2.59428571428571","0.935243178513303","5.15511494252874"
"D3_43","3908","184","509","13.0245649948823","2.76630434782609","0.966518983319834","4.90158469945355"
"D3_44","2937","186","345","11.7466802860061","1.85483870967742","0.841750573447305","4.8485945945946"
"D4_11","7543","388","752","9.96950815325467","1.93814432989691","0.904361330336255","2.31736434108527"
"D4_12","13616","730","1095","8.04200940070505","1.5","0.828587308192485","1.23133058984911"
"D4_13","5395","313","548","10.1575532900834","1.75079872204473","0.785612410797056","2.87320512820513"
"D4_14","13170","669","1017","7.72209567198178","1.52017937219731","0.812493738783186","1.34377245508982"
"D4_21","4745","300","507","10.6849315068493","1.69","0.776257206624274","2.998127090301"
"D4_22","9603","445","908","9.45537852754348","2.04044943820225","1.08767864858855","2.02024774774775"
"D4_23","9819","588","934","9.51217028210612","1.58843537414966","0.848288547128551","1.52780238500852"
"D4_24","12631","660","1200","9.50043543662418","1.81818181818182","1.02486670970341","1.36212443095599"
"D4_31","11060","453","913","8.25497287522604","2.01545253863135","1.06106874681317","1.98411504424779"
"D4_32","4053","293","506","12.4845793239576","1.72696245733788","0.794150266540279","3.07"
"D4_33","21727","842","1596","7.34569889998619","1.89548693586698","1.06327900748029","1.06734839476813"
"D4_34","6480","354","719","11.0956790123457","2.03107344632768","0.973673561427075","2.53949008498584"
"D4_41","7236","366","643","8.88612493090105","1.7568306010929","0.833145423832351","2.456"
"D4_42","4744","283","527","11.1087689713322","1.86219081272085","0.862179001210341","3.17886524822695"
"D4_43","8266","486","759","9.18219211226712","1.56172839506173","0.80928649769844","1.84946391752577"
"D4_44","14063","620","1200","8.53302993671336","1.93548387096774","1.10763203068974","1.44909531502423"
"D5_11","3340","180","379","11.3473053892216","2.10555555555556","1.01109610428083","5.0031843575419"
"D5_12","2219","176","257","11.581793600721","1.46022727272727","0.657795412871514","5.11754285714286"
"D5_13","3827","246","510","13.32636529919","2.07317073170732","0.931715395866663","3.65538775510204"
"D5_14","3276","177","344","10.5006105006105","1.94350282485876","0.939762507016665","5.08846590909091"
"D5_21","5700","231","476","8.35087719298246","2.06060606060606","1.05737886581686","3.89378260869565"
"D5_22","9300","211","483","5.19354838709677","2.28909952606635","1.0765131740285","4.26461904761905"
"D5_23","3137","207","383","12.2091169907555","1.85024154589372","0.919997593714417","4.34742718446602"
"D5_24","3358","158","287","8.54675402025015","1.81645569620253","0.887554484520711","5.70426751592357"
"D5_31","2568","137","240","9.34579439252336","1.75182481751825","0.846975778334566","6.58507352941176"
"D5_32","8354","255","609","7.28992099593009","2.38823529411765","1.25265812788789","3.52586614173228"
"D5_33","5003","236","539","10.7735358784729","2.28389830508475","1.17415214056297","3.81093617021277"
"D5_34","6011","248","524","8.71735152220928","2.11290322580645","0.991540554268348","3.62578947368421"
"D5_41","7228","245","466","6.44714997232983","1.90204081632653","0.99104386842706","3.67036885245902"
"D5_42","2976","159","260","8.73655913978495","1.63522012578616","0.790940664514262","5.66816455696202"
"D5_43","7021","256","508","7.23543654750036","1.984375","1.0552158035951","3.51203921568627"
"D5_44","3828","187","441","11.5203761755486","2.35828877005348","1.07512102946203","4.81489247311828"
"D6_11","6562","135","500","7.61962816214569","3.7037037037037","0.993066065305228","6.62925373134328"
"D6_12","5320","129","460","8.64661654135338","3.56589147286822","0.808596017415276","6.94"
"D6_13","3307","132","372","11.2488660417297","2.81818181818182","0.845447456560313","6.78106870229008"
"D6_14","3952","131","299","7.56578947368421","2.2824427480916","1.13187937085122","6.83323076923077"
"D6_21","1640","129","365","22.2560975609756","2.82945736434109","0.952988973963563","6.94"
"D6_22","6683","140","490","7.33203651054915","3.5","1.04227200636484","6.39079136690648"
"D6_23","4343","137","393","9.04904443932765","2.86861313868613","0.945714157848722","6.53176470588235"
"D6_24","4598","137","350","7.61200521966072","2.55474452554745","1.07045693946693","6.53176470588235"
"D6_31","4832","130","437","9.04387417218543","3.36153846153846","0.871636135536388","6.8862015503876"
"D6_32","2567","132","300","11.6867939228672","2.27272727272727","0.996872277308276","6.78106870229008"
"D6_33","3411","134","283","8.29668718850777","2.11194029850746","0.986071782538527","6.6790977443609"
"D6_34","5031","135","338","6.71834625322997","2.5037037037037","1.11886185557103","6.62925373134328"
"D6_41","5654","132","377","6.66784577290414","2.85606060606061","0.925735323636642","6.78106870229008"
"D6_42","7305","133","511","6.99520876112252","3.84210526315789","0.860251066797731","6.72969696969697"
"D6_43","5558","141","461","8.29435048578625","3.26950354609929","1.04798740875829","6.34514285714286"
"D6_44","2900","138","329","11.3448275862069","2.38405797101449","1.02039396834234","6.48408759124088"
"D7_11","10119","204","536","5.2969661033699","2.62745098039216","1.12229153880703","4.41566502463054"
"D7_12","5961","200","580","9.7299110887435","2.9","1.19462784095799","4.50442211055276"
"D7_13","29748","216","645","2.16821298910851","2.98611111111111","1.24817696519128","4.16920930232558"
"D7_14","5392","204","529","9.81083086053413","2.59313725490196","1.15590237744865","4.41566502463054"
"D7_21","9710","216","617","6.35427394438723","2.85648148148148","1.21722315686523","4.16920930232558"
"D7_22","8247","215","656","7.95440766339275","3.05116279069767","1.20053961641073","4.18869158878505"
"D7_23","8889","220","768","8.63989200134998","3.49090909090909","1.34297056782183","4.09305936073059"
"D7_24","5660","223","711","12.5618374558304","3.18834080717489","1.24134786904233","4.03774774774775"
"D7_31","5298","201","489","9.22989807474519","2.43283582089552","1.17333559475133","4.4819"
"D7_32","3934","187","647","16.4463650228775","3.45989304812834","0.973987474972355","4.81924731182796"
"D7_33","5160","192","671","13.0038759689922","3.49479166666667","0.976141543215391","4.6930890052356"
"D7_34","5499","190","691","12.5659210765594","3.63684210526316","0.959337583583572","4.74275132275132"
"D7_41","8401","208","633","7.53481728365671","3.04326923076923","1.08260416245978","4.33033816425121"
"D7_42","8267","223","781","9.44719970968912","3.50224215246637","1.23709351122397","4.03774774774775"
"D7_43","6075","198","710","11.6872427983539","3.58585858585859","1.03256716215825","4.55015228426396"
"D7_44","5383","190","598","11.1090469998142","3.14736842105263","1.0637700854812","4.74275132275132"
"D8_11","831","92","206","24.7894103489771","2.23913043478261","0.869123155670637","9.77901098901099"
"D8_12","902","94","178","19.7339246119734","1.8936170212766","0.782442895046173","9.56870967741935"
"D8_13","3400","132","442","13","3.34848484848485","1.38687879834375","6.7930534351145"
"D8_14","3949","110","406","10.2810838186883","3.69090909090909","1.2321790539599","8.16412844036697"
"D8_21","1932","114","358","18.5300207039337","3.14035087719298","1.30266705981077","7.87513274336283"
"D8_22","2314","127","372","16.076058772688","2.92913385826772","1.37541394843836","7.06261904761905"
"D8_23","1549","102","329","21.239509360878","3.22549019607843","1.05217231906748","8.81079207920792"
"D8_24","2364","115","398","16.8358714043993","3.46086956521739","1.33302818781307","7.80605263157895"
"D8_31","1058","92","245","23.1568998109641","2.66304347826087","0.997548356403635","9.77901098901099"
"D8_32","1463","94","290","19.8222829801777","3.08510638297872","0.887906495950006","9.56870967741935"
"D8_33","2771","100","386","13.9299891735835","3.86","0.995139703912486","8.98878787878788"
"D8_34","3747","120","414","11.048839071257","3.45","1.28893154892536","7.47806722689076"
"D8_41","1129","92","251","22.2320637732507","2.72826086956522","0.973305920415426","9.77901098901099"
"D8_42","2012","92","356","17.6938369781312","3.8695652173913","0.69878059101643","9.77901098901099"
"D8_43","1060","93","277","26.1320754716981","2.97849462365591","0.908636037333071","9.67271739130435"
"D8_44","3233","105","390","12.0630992885865","3.71428571428571","1.10692128232983","8.55663461538462"
"E1_11","1042","73","142","13.6276391554703","1.94520547945205","0.864266081695654","12.3318055555556"
"E1_12","1672","79","149","8.91148325358852","1.88607594936709","0.933525737111757","11.3832051282051"
"E1_13","2916","149","314","10.7681755829904","2.10738255033557","1.1097902139065","5.99925675675676"
"E1_14","2422","106","228","9.41370767960363","2.15094339622642","1.11945950249122","8.53447619047619"
"E1_21","945","80","158","16.7195767195767","1.975","0.856472009932297","11.2391139240506"
"E1_22","2015","120","301","14.9379652605459","2.50833333333333","1.32205488980324","7.53714285714286"
"E1_23","4893","187","509","10.4026159820151","2.72192513368984","1.32701481413945","4.82215053763441"
"E1_24","1430","93","225","15.7342657342657","2.41935483870968","1.06651179333826","9.7404347826087"
"E1_31","1089","86","158","14.5087235996327","1.83720930232558","0.865827929057488","10.4457647058824"
"E1_32","2542","153","311","12.234461054288","2.03267973856209","1.10868758741797","5.84664473684211"
"E1_33","6570","182","505","7.68645357686454","2.77472527472527","1.30397551129375","4.9553591160221"
"E1_34","2030","154","348","17.1428571428571","2.25974025974026","1.25664349489842","5.80843137254902"
"E1_41","2782","116","303","10.8914450035945","2.61206896551724","1.19252418970371","7.72773913043478"
"E1_42","894","103","136","15.2125279642058","1.32038834951456","0.597602927930226","8.70480392156863"
"E1_43","1286","100","214","16.6407465007776","2.14","1.05428418916113","8.96858585858586"
"E1_44","1400","92","199","14.2142857142857","2.16304347826087","1.06158883529911","9.75703296703297"
"E2_11","3386","145","453","13.3786178381571","3.12413793103448","1.13579853591042","6.20173611111111"
"E2_12","4334","162","531","12.2519612367328","3.27777777777778","1.19652706556665","5.54689440993789"
"E2_13","3195","155","408","12.7699530516432","2.63225806451613","1.1898889768067","5.79902597402597"
"E2_14","461","74","108","23.4273318872017","1.45945945945946","0.601121991794413","12.2335616438356"
"E2_21","3881","158","449","11.5691832002061","2.84177215189873","1.16489059051997","5.68821656050955"
"E2_22","2238","136","370","16.532618409294","2.72058823529412","1.2747762416326","6.61518518518518"
"E2_23","5145","181","533","10.3595724003887","2.94475138121547","1.22802351093164","4.96138888888889"
"E2_24","2691","153","381","14.1583054626533","2.49019607843137","1.24666738409388","5.87532894736842"
"E2_31","2855","148","312","10.9281961471103","2.10810810810811","1.08254635026775","6.07517006802721"
"E2_32","4301","169","464","10.7881887933039","2.74556213017751","1.23938149800816","5.31577380952381"
"E2_33","2962","149","394","13.3018230925051","2.64429530201342","1.29486420817509","6.03412162162162"
"E2_34","2635","143","391","14.8387096774194","2.73426573426573","1.20999970289281","6.28908450704225"
"E2_41","4544","160","463","10.1892605633803","2.89375","1.40348566525584","5.61666666666667"
"E2_42","3663","157","358","9.77340977340977","2.28025477707006","1.16483956694638","5.72467948717949"
"E2_43","2156","148","354","16.4192949907236","2.39189189189189","1.08568380367696","6.07517006802721"
"E2_44","1232","94","145","11.7694805194805","1.54255319148936","0.742922065942972","9.60268817204301"
"E3_11","2803","124","269","9.59686050660007","2.16935483870968","1.03375371092657","7.21528455284553"
"E3_12","4730","141","294","6.21564482029598","2.08510638297872","0.996345907390226","6.34314285714286"
"E3_13","3331","135","229","6.87481236865806","1.6962962962963","0.704718363074808","6.62298507462687"
"E3_14","3030","125","260","8.58085808580858","2.08","0.912281790082499","7.15709677419355"
"E3_21","7393","177","426","5.762207493575","2.40677966101695","1.31147008164065","5.0425"
"E3_22","7411","196","373","5.0330589664013","1.9030612244898","1.00040546463333","4.55405128205128"
"E3_23","3108","148","247","7.94723294723295","1.66891891891892","0.827984303587078","6.04108843537415"
"E3_24","5699","130","336","5.89577118792771","2.58461538461538","1.069554825777","6.87968992248062"
"E3_31","1521","101","160","10.5193951347797","1.58415841584158","0.778040188327997","8.8748"
"E3_32","6245","147","297","4.75580464371497","2.02040816326531","1.01001415801213","6.08246575342466"
"E3_33","2396","115","215","8.97328881469115","1.8695652173913","0.800457535067429","7.78491228070176"
"E3_34","4683","177","396","8.45611787315823","2.23728813559322","1.14820486943227","5.0425"
"E3_41","2882","121","248","8.60513532269257","2.0495867768595","0.89304012292675","7.39566666666667"
"E3_42","2702","115","226","8.36417468541821","1.96521739130435","0.78282478582945","7.78491228070176"
"E3_43","2573","114","201","7.8118927322192","1.76315789473684","0.767741563022342","7.85380530973451"
"E3_44","4136","159","300","7.25338491295938","1.88679245283019","0.927642527692206","5.61696202531646"
"E4_11","7899","378","845","10.6975566527409","2.23544973544974","1.05554613762754","2.37164456233422"
"E4_12","8541","387","1014","11.8721461187215","2.62015503875969","1.28277022796992","2.3189896373057"
"E4_13","11534","425","1235","10.7074735564418","2.90588235294118","1.27589710773352","2.11115566037736"
"E4_14","3703","265","517","13.9616527140157","1.95094339622642","0.913622211872227","3.38746212121212"
"E4_21","9042","418","1004","11.1037381110374","2.40191387559809","1.17577309522785","2.14599520383693"
"E4_22","5091","310","668","13.1211942643881","2.15483870967742","1.02171842987832","2.89355987055016"
"E4_23","9367","443","1167","12.4586313654318","2.63431151241535","1.20402648853479","2.02518099547511"
"E4_24","9134","382","1032","11.2984453689512","2.70157068062827","1.18163890100422","2.34876640419948"
"E4_31","4302","315","466","10.8321710832171","1.47936507936508","0.758425861027137","2.83605095541401"
"E4_32","7616","380","964","12.6575630252101","2.53684210526316","1.19859659638303","2.35912928759894"
"E4_33","5755","351","748","12.997393570808","2.13105413105413","0.99422835832118","2.55751428571429"
"E4_34","9003","401","1021","11.3406642230368","2.54613466334165","1.17834259526695","2.235275"
"E4_41","6272","335","685","10.921556122449","2.04477611940298","0.979319631553139","2.67862275449102"
"E4_42","6454","380","779","12.0700340873877","2.05","0.92751832190368","2.35912928759894"
"E4_43","4349","306","668","15.3598528397333","2.18300653594771","0.957715235384866","2.9295737704918"
"E4_44","9187","418","851","9.26308914770872","2.03588516746411","0.999354374903108","2.14580335731415"
"E5_11","1209","113","147","12.1588089330025","1.30088495575221","0.625142208852919","7.93080357142857"
"E5_12","4842","193","526","10.8632796365138","2.72538860103627","1.11440753096779","4.62630208333333"
"E5_13","6828","208","601","8.80199179847686","2.88942307692308","1.11306846360962","4.29106280193237"
"E5_14","6532","184","493","7.54745866503368","2.67934782608696","0.941111776370726","4.85382513661202"
"E5_21","4193","202","563","13.4271404722156","2.78712871287129","1.11490698506226","4.41915422885572"
"E5_22","6743","229","629","9.32819219931781","2.74672489082969","1.26232527654624","3.89583333333333"
"E5_23","4665","199","566","12.1329046087889","2.84422110552764","1.04487893617848","4.48611111111111"
"E5_24","2706","179","488","18.0339985218034","2.72625698324022","0.798828468666863","4.99016853932584"
"E5_31","5194","177","449","8.64458991143627","2.53672316384181","1.00569768703076","5.046875"
"E5_32","7050","233","671","9.5177304964539","2.87982832618026","1.31738245097056","3.82866379310345"
"E5_33","6823","249","537","7.87043822365528","2.1566265060241","1.11964057860652","3.58165322580645"
"E5_34","6065","215","655","10.7996702390767","3.04651162790698","1.27436053914999","4.15070093457944"
"E5_41","1720","151","314","18.2558139534884","2.0794701986755","1.00348179726355","5.92166666666667"
"E5_42","4465","199","539","12.0716685330347","2.70854271356784","1.11711993827864","4.48611111111111"
"E5_43","7449","226","642","8.61860652436569","2.84070796460177","1.27587092124149","3.94777777777778"
"E6_11","7071","188","644","9.10762268420308","3.42553191489362","1.08454738534633","4.79401069518717"
"E6_12","6204","193","624","10.0580270793037","3.23316062176166","1.08134698991949","4.66916666666667"
"E6_13","7715","198","685","8.87880751782242","3.45959595959596","1.19893516138358","4.55065989847716"
"E6_14","4078","199","487","11.94212849436","2.44723618090452","1.06172144356928","4.52787878787879"
"E6_21","7735","192","708","9.15319974143504","3.6875","1.00587280742251","4.69361256544503"
"E6_22","6555","199","713","10.8771929824561","3.58291457286432","1.06927217185983","4.52767676767677"
"E6_23","13770","229","820","5.95497458242556","3.58078602620087","1.16933677880242","3.93210526315789"
"E6_24","4683","215","715","15.2679906043135","3.32558139534884","1.15039469522092","4.18915887850467"
"E6_31","4373","216","530","12.1198262062657","2.4537037037037","1.04221820024237","4.16986046511628"
"E6_32","9239","220","813","8.79965364216907","3.69545454545455","1.25074490050675","4.09351598173516"
"E6_33","8792","204","791","8.9968152866242","3.87745098039216","0.997376545219858","4.41615763546798"
"E6_34","9283","208","788","8.48863513950232","3.78846153846154","1.08723890794894","4.33101449275362"
"E6_41","1570","186","421","26.8152866242038","2.26344086021505","0.930246691633134","4.84583783783784"
"E6_42","2720","186","559","20.5514705882353","3.00537634408602","0.84787372739078","4.84583783783784"
"E6_43","7510","201","766","10.1997336884154","3.81094527363184","1.01196818230123","4.4826"
"E6_44","5749","192","736","12.8022264741694","3.83333333333333","0.820760299636251","4.69361256544503"
"E7_11","4401","64","229","5.20336287207453","3.578125","1.2947352183803","13.7150793650794"
"E7_12","3958","59","213","5.38150581101566","3.61016949152542","0.982904723213422","14.8901724137931"
"E7_13","1765","64","197","11.1614730878187","3.078125","1.18595869062671","13.7165079365079"
"E7_14","832","54","134","16.1057692307692","2.48148148148148","1.00453200857632","16.2949056603774"
"E7_21","1639","56","201","12.2635753508237","3.58928571428571","1.00501986799512","15.7023636363636"
"E7_22","2260","84","251","11.1061946902655","2.98809523809524","1.50095590119312","10.4113253012048"
"E7_23","4312","95","294","6.81818181818182","3.09473684210526","1.5093586365874","9.19297872340425"
"E7_24","3386","60","212","6.26107501476669","3.53333333333333","1.12696783324776","14.6377966101695"
"E7_31","2792","60","208","7.44985673352436","3.46666666666667","1.11182651168714","14.6377966101695"
"E7_32","2500","75","233","9.32","3.10666666666667","1.48481806450645","11.6763513513514"
"E7_33","2045","82","216","10.5623471882641","2.63414634146341","1.46154150924907","10.6672839506173"
"E7_34","2478","81","222","8.95883777239709","2.74074074074074","1.48977999867244","10.80175"
"E7_41","3226","54","204","6.32362058276503","3.77777777777778","0.945030031801259","16.2949056603774"
"E7_42","1341","64","192","14.3176733780761","3","1.2724180205607","13.7150793650794"
"E7_43","4125","94","252","6.10909090909091","2.68085106382979","1.40821526608826","9.29182795698925"
"E7_44","3977","65","219","5.50666331405582","3.36923076923077","1.40944615418201","13.50078125"
"E8_11","3030","129","337","11.1221122112211","2.61240310077519","1.40484695295976","6.990234375"
"E8_12","1789","93","241","13.4712129681386","2.59139784946237","1.15378921234213","9.72554347826087"
"E8_13","2889","104","292","10.1073035652475","2.80769230769231","1.27009611345598","8.66805825242719"
"E8_14","630","67","109","17.3015873015873","1.62686567164179","0.670500059781761","13.4830303030303"
"E8_21","3356","128","347","10.3396901072706","2.7109375","1.33488826245059","7.04527559055118"
"E8_22","3976","152","371","9.33098591549296","2.44078947368421","1.43620891981126","5.92549668874172"
"E8_23","2208","122","300","13.5869565217391","2.45901639344262","1.33080191436075","7.38735537190083"
"E8_24","457","62","102","22.3194748358862","1.64516129032258","0.726473047203447","14.5881967213115"
"E8_31","506","64","101","19.9604743083004","1.578125","0.637571969171337","13.8312698412698"
"E8_32","1203","74","171","14.214463840399","2.31081081081081","0.905473094774758","12.1901369863014"
"E8_33","2984","143","321","10.7573726541555","2.24475524475524","1.29580462368815","6.30105633802817"
"E8_34","6940","165","399","5.7492795389049","2.41818181818182","1.48600268880336","5.45579268292683"
"E8_41","260","44","53","20.3846153846154","1.20454545454545","0.408032457358392","20.5037209302326"
"E8_42","1917","96","229","11.9457485654669","2.38541666666667","1.13665984975061","9.40915789473684"
"E8_43","4079","143","316","7.74699681294435","2.20979020979021","1.19772758343825","6.28739436619718"
"E8_44","1616","88","238","14.7277227722772","2.70454545454545","1.21446351534085","10.2285057471264"
"F1_11","2213","116","165","7.45594215996385","1.42241379310345","0.759300159116395","7.80886956521739"
"F1_12","647","52","72","11.12828438949","1.38461538461538","0.565472079505124","17.3235294117647"
"F1_13","585","32","49","8.37606837606838","1.53125","0.71771928199118","28.5"
"F1_14","1982","87","88","4.43995963673057","1.01149425287356","0.107211253483779","10.4027906976744"
"F1_21","18385","356","498","2.70872994288822","1.39887640449438","0.89656551344137","2.5296338028169"
"F1_22","1489","59","141","9.46944257891202","2.38983050847458","1.15991897981835","15.2327586206897"
"F1_23","913","40","111","12.157721796276","2.775","0.891196257415149","22.6538461538461"
"F1_24","1312","56","119","9.07012195121951","2.125","0.992013562957135","16.0636363636364"
"F1_31","1569","98","153","9.75143403441683","1.56122448979592","0.850304087881679","9.13072164948453"
"F1_32","26053","402","521","1.99976970022646","1.29601990049751","0.820214727436803","2.23945137157107"
"F1_33","2123","86","138","6.50023551577956","1.6046511627907","0.91109591110592","10.5574117647059"
"F1_34","69","11","11","15.9420289855072","1","0","84.761"
"F1_41","14798","349","387","2.61521827273956","1.10888252148997","0.428383972754775","2.58051724137931"
"F1_42","7873","279","375","4.76311444176299","1.34408602150538","0.824463509747168","3.22071942446043"
"F1_43","559","46","65","11.6279069767442","1.41304347826087","0.580271467371446","19.6333333333333"
"F1_44","2021","92","92","4.5522018802573","1","0","9.83912087912088"
"F2_11","2950","79","188","6.3728813559322","2.37974683544304","1.135711653866","11.3185897435897"
"F2_12","2049","106","258","12.5915080527086","2.43396226415094","1.22683384930501","8.40809523809524"
"F2_13","1304","95","209","16.0276073619632","2.2","1.06790708018764","9.39202127659574"
"F2_14","1428","81","181","12.6750700280112","2.23456790123457","1.06385625131255","11.031"
"F2_21","2022","104","243","12.0178041543027","2.33653846153846","1.12007781389775","8.56776699029126"
"F2_22","3963","145","333","8.40272520817562","2.29655172413793","1.26997450724105","6.13090277777778"
"F2_23","1289","97","211","16.3692785104732","2.17525773195876","1.25839107989752","9.19635416666667"
"F2_24","1343","82","218","16.2323157110946","2.65853658536585","1.19896572913184","10.8993827160494"
"F2_31","2163","145","294","13.5922330097087","2.02758620689655","1.16036888044161","6.13090277777778"
"F2_32","3162","119","276","8.72865275142315","2.31932773109244","1.28176766919118","7.48177966101695"
"F2_33","3891","152","381","9.79182729375482","2.50657894736842","1.3172151565179","5.84423841059603"
"F2_34","1114","72","167","14.9910233393178","2.31944444444444","1.11110133016039","12.4292957746479"
"F2_41","2711","110","255","9.40612320177056","2.31818181818182","1.1568052985481","8.09614678899083"
"F2_42","2699","105","240","8.89218228973694","2.28571428571429","1.23813045878334","8.48538461538462"
"F2_43","3085","109","273","8.84927066450567","2.5045871559633","1.32374226267112","8.17111111111111"
"F2_44","15917","83","202","1.26908336998178","2.43373493975904","1.12827054233067","10.7619512195122"
"F3_11","2295","211","388","16.9063180827887","1.83886255924171","1.06126906739104","4.26014285714286"
"F3_12","4464","285","612","13.7096774193548","2.14736842105263","1.22447247381887","3.1512323943662"
"F3_13","3742","219","529","14.1368252271513","2.41552511415525","1.31885969409752","4.10380733944954"
"F3_14","1045","108","142","13.5885167464115","1.31481481481481","0.55783540513105","8.36102803738318"
"F3_21","18794","457","1092","5.81036501010961","2.38949671772429","1.33333573265552","1.96260964912281"
"F3_22","8251","424","1045","12.6651314992122","2.46462264150943","1.35572452310911","2.11572104018913"
"F3_23","7132","431","944","13.2361189007291","2.19025522041763","1.3280507414705","2.08127906976744"
"F3_24","2554","235","456","17.8543461237275","1.94042553191489","0.976575994405765","3.82320512820513"
"F3_31","9750","399","974","9.98974358974359","2.44110275689223","1.38401309538908","2.24781407035176"
"F3_32","6357","332","711","11.1845210004719","2.14156626506024","1.2489831338763","2.70280966767372"
"F3_33","7185","370","800","11.134307585247","2.16216216216216","1.29860282462553","2.42447154471545"
"F3_34","5390","295","636","11.7996289424861","2.15593220338983","1.27619107850563","3.04295918367347"
"F3_41","4243","268","515","12.1376384633514","1.92164179104478","1.07987112147517","3.35187265917603"
"F3_42","4482","252","612","13.6546184738956","2.42857142857143","1.34151351421514","3.56426294820717"
"F3_43","7698","307","686","8.91140555988568","2.23452768729642","1.3685472552737","2.92362745098039"
"F3_44","1554","114","176","11.3256113256113","1.54385964912281","0.70573317022862","7.9170796460177"
"F4_11","1244","98","175","14.0675241157556","1.78571428571429","0.735688190337497","9.23855670103093"
"F4_12","2317","101","377","16.2710401381096","3.73267326732673","0.811062132131822","8.9614"
"F4_13","7405","110","368","4.9696151249156","3.34545454545455","0.942730405355096","8.22495412844037"
"F4_14","3967","104","391","9.85631459541215","3.75961538461538","0.919003177865052","8.70038834951456"
"F4_21","2858","100","368","12.8761371588523","3.68","0.736905898354941","9.05191919191919"
"F4_22","2972","108","400","13.4589502018843","3.7037037037037","1.03453686653036","8.37514018691589"
"F4_23","2815","103","346","12.291296625222","3.35922330097087","0.87284040420712","8.78941176470588"
"F4_24","2846","98","270","9.48699929725931","2.75510204081633","1.04596647449571","9.23855670103093"
"F4_31","1907","98","280","14.6827477713686","2.85714285714286","1.08409304580316","9.23855670103093"
"F4_32","3533","100","383","10.8406453439004","3.83","0.766139476185438","9.05191919191919"
"F4_33","4990","113","401","8.03607214428858","3.54867256637168","1.14167131905752","8.00464285714286"
"F4_34","5582","111","365","6.53887495521318","3.28828828828829","1.1472289728447","8.14672727272727"
"F4_41","3062","102","246","8.03396472893534","2.41176470588235","1.07494361976463","8.87643564356436"
"F4_42","2826","102","333","11.7834394904459","3.26470588235294","1.14257370226763","8.87643564356436"
"F4_43","3944","104","334","8.4685598377282","3.21153846153846","1.02087985013382","8.70038834951456"
"F4_44","3501","110","271","7.74064552984861","2.46363636363636","1.13069981356252","8.22146788990826"
"F5_11","1950","150","277","14.2051282051282","1.84666666666667","0.880334490019375","6.02496644295302"
"F5_12","1370","95","162","11.8248175182482","1.70526315789474","0.87365317879563","9.48382978723404"
"F5_13","1730","103","193","11.1560693641618","1.87378640776699","0.824616508022751","8.79823529411765"
"F5_14","1284","102","165","12.8504672897196","1.61764705882353","0.784050382891339","8.88534653465346"
"F5_21","9492","218","371","3.90855457227139","1.70183486238532","0.949458409906968","4.13603686635945"
"F5_22","14065","274","567","4.03128332740846","2.06934306569343","1.3717218421669","3.28835164835165"
"F5_23","12616","247","566","4.4863665187064","2.2914979757085","1.40702671250809","3.64926829268293"
"F5_24","5526","170","395","7.14802750633369","2.32352941176471","1.29907997110231","5.3101775147929"
"F5_31","2576","158","320","12.4223602484472","2.0253164556962","0.97058237877833","5.71796178343949"
"F5_32","12025","205","490","4.07484407484407","2.39024390243902","1.4463959398207","4.39911764705882"
"F5_33","5659","149","430","7.59851563880544","2.88590604026846","1.40717371208276","6.06567567567568"
"F5_34","2005","110","215","10.7231920199501","1.95454545454545","0.805785998821387","8.23321100917431"
"F5_41","4205","142","256","6.08799048751486","1.80281690140845","0.885176879545049","6.36468085106383"
"F5_42","8958","216","426","4.75552578700603","1.97222222222222","1.20045211121387","4.17404651162791"
"F5_43","4244","146","398","9.37794533459001","2.72602739726027","1.39219770665543","6.18910344827586"
"F5_44","523","93","115","21.9885277246654","1.23655913978495","0.427272682059168","9.7545652173913"
"F6_11","2737","123","393","14.3587869930581","3.19512195121951","1.2652903287995","7.28516393442623"
"F6_12","1071","118","297","27.7310924369748","2.51694915254237","1.12267271792828","7.59649572649573"
"F6_13","1021","117","273","26.7384916748286","2.33333333333333","0.928476690885259","7.66198275862069"
"F6_14","3946","133","402","10.1875316776483","3.02255639097744","0.949211518190579","6.73325757575758"
"F6_21","1649","121","379","22.9836264402668","3.13223140495868","1.13975252255574","7.40658333333333"
"F6_22","3074","134","464","15.0943396226415","3.46268656716418","1.22417206281106","6.68263157894737"
"F6_23","4464","171","525","11.760752688172","3.07017543859649","1.44131862570528","5.22817647058824"
"F6_24","1411","119","378","26.7895109851169","3.17647058823529","0.89865302992613","7.5321186440678"
"F6_31","751","116","306","40.745672436751","2.63793103448276","1.16018403131001","7.72860869565217"
"F6_32","6328","163","555","8.77054361567636","3.40490797546012","1.51387833557918","5.48635802469136"
"F6_33","4213","174","549","13.0310942321386","3.1551724137931","1.45612190786489","5.13751445086705"
"F6_34","5242","156","548","10.4540251812285","3.51282051282051","1.47007649345494","5.73412903225806"
"F6_41","3247","125","447","13.7665537419156","3.576","1.08704986976442","7.16766129032258"
"F6_42","3804","141","494","12.9863301787592","3.50354609929078","1.27964344071295","6.3485"
"F6_43","6643","183","597","8.98690350745145","3.26229508196721","1.5180413857046","4.88346153846154"
"F6_44","3275","149","499","15.236641221374","3.3489932885906","1.35030614394925","6.00533783783784"
"F7_11","181","104","108","59.6685082872928","1.03846153846154","0.193238969872078","8.60563106796117"
"F7_12","1752","199","578","32.9908675799087","2.90452261306533","0.935241365832829","4.52611111111111"
"F7_13","1115","197","331","29.6860986547085","1.68020304568528","0.66567746632611","4.57229591836735"
"F7_14","2091","193","423","20.2295552367288","2.19170984455959","0.935154665659464","4.66755208333333"
"F7_21","8097","201","779","9.62084722736816","3.87562189054726","0.639884939905924","4.48085"
"F7_22","7071","200","798","11.2855324565125","3.99","0.567016346932293","4.50336683417085"
"F7_23","8575","199","825","9.62099125364431","4.14572864321608","0.496319124624824","4.52611111111111"
"F7_24","4700","199","686","14.5957446808511","3.44723618090452","0.678664686769666","4.52611111111111"
"F7_31","3935","200","676","17.1791613722999","3.38","0.684061180372386","4.50336683417085"
"F7_32","4523","199","794","17.5547203183728","3.98994974874372","0.611257602036912","4.52611111111111"
"F7_33","10127","200","851","8.40327836476745","4.255","0.601484762565096","4.50336683417085"
"F7_34","7918","201","806","10.1793382167214","4.00995024875622","0.632376863517664","4.48085"
"F7_42","6136","199","785","12.7933507170795","3.94472361809045","0.552277011991919","4.52611111111111"
"F7_43","5579","200","710","12.7262950349525","3.55","0.774920971817652","4.50336683417085"
"F7_44","3408","199","577","16.9307511737089","2.89949748743719","0.765380837893043","4.52611111111111"
"F8_11","2705","128","382","14.1219963031423","2.984375","0.84167413785307","6.99866141732283"
"F8_12","2869","128","409","14.2558382711746","3.1953125","0.931162965599436","6.99866141732283"
"F8_13","1870","126","273","14.5989304812834","2.16666666666667","0.92736184954957","7.11064"
"F8_14","1661","127","295","17.7603853100542","2.32283464566929","0.933349402614894","7.05420634920635"
"F8_21","2133","127","352","16.502578527895","2.77165354330709","0.90140081793322","7.05420634920635"
"F8_22","3886","128","479","12.3262995367988","3.7421875","0.70147307040537","6.99866141732283"
"F8_23","4734","131","492","10.3929024081115","3.75572519083969","0.842081697602711","6.83715384615385"
"F8_24","4699","132","473","10.0659714832943","3.58333333333333","0.838406946924582","6.78496183206107"
"F8_31","5254","134","450","8.56490293110011","3.35820895522388","0.912758234751772","6.68293233082707"
"F8_32","4253","129","473","11.1215612508817","3.66666666666667","0.822850735755479","6.943984375"
"F8_33","5156","131","438","8.49495733126455","3.34351145038168","0.839147849505329","6.83715384615385"
"F8_34","1068","120","203","19.0074906367041","1.69166666666667","0.775635638852228","7.46915966386555"
"F8_41","4878","130","457","9.36859368593686","3.51538461538462","0.891254802086417","6.89015503875969"
"F8_42","569","118","149","26.1862917398946","1.26271186440678","0.479101118846799","7.59683760683761"
"F8_43","4792","129","475","9.91235392320534","3.68217054263566","0.780469571436315","6.943984375"
"F8_44","3835","128","471","12.2816166883963","3.6796875","0.686582243555245","6.99866141732283"
